{
  "experiment": "ch3_entry_boundary_followup",
  "report_date": "2026-04-01",
  "noise_scale": 0.08,
  "hard_constraints": {
    "base_skeleton": "faithful chapter-3 12-position original sequence",
    "continuity_rule": "exact same mechanism state before resume",
    "time_budget_s": [
      1200.0,
      1800.0
    ],
    "seed": 42,
    "truth_family": "shared low-noise benchmark",
    "search_style": "entry-boundary refinement plus late11-tail hybrids only"
  },
  "references": {
    "faithful12": {
      "candidate_name": "legal_base_faithful12",
      "markov42": {
        "overall": {
          "mean_pct_error": 15.290300274032441,
          "median_pct_error": 1.483362834112179,
          "max_pct_error": 122.58269656383278
        },
        "key_param_errors": {
          "dKa_yy": 122.58269656383278,
          "dKg_zz": 85.57075351197156,
          "Ka2_y": 99.94129544126406,
          "Ka2_z": 64.70431004852547,
          "dKg_xz": 18.68063496921905,
          "dKa_xz": 18.85408106874926
        }
      },
      "kf36": {
        "overall": {
          "mean_pct_error": 15.288687861181792,
          "median_pct_error": 1.4837439708458107,
          "max_pct_error": 122.5882646997851
        },
        "key_param_errors": {
          "dKa_yy": 122.5882646997851,
          "dKg_zz": 85.57095512255164,
          "Ka2_y": 99.94128958152183,
          "Ka2_z": 64.68594016040949,
          "dKg_xz": 18.674921597907467,
          "dKa_xz": 18.84829522348288
        }
      }
    },
    "relay_winner": {
      "candidate_name": "relay_y9_z10_x11_y9x0",
      "markov42": {
        "overall": {
          "mean_pct_error": 10.041697666363424,
          "median_pct_error": 0.7430359628701022,
          "max_pct_error": 99.75993465087369
        },
        "key_param_errors": {
          "dKa_yy": 79.17906084168168,
          "dKg_zz": 33.59376071472193,
          "Ka2_y": 99.75993465087369,
          "Ka2_z": 0.24344937520384674,
          "dKg_xz": 0.1944868579066337,
          "dKa_xz": 0.7425610528702924
        }
      }
    },
    "unified_winner": {
      "candidate_name": "twoanchor_l10_zpair_neg5_then_ypair_neg1_plus_l11_y10x0back2",
      "markov42": {
        "overall": {
          "mean_pct_error": 9.922637196934726,
          "median_pct_error": 1.0256631258803282,
          "max_pct_error": 99.63308567370115
        },
        "key_param_errors": {
          "dKa_yy": 82.60930965112222,
          "dKg_zz": 59.01728589983005,
          "Ka2_y": 99.63308567370115,
          "Ka2_z": 0.8419410516265626,
          "dKg_xz": 0.030207268369070252,
          "dKa_xz": 0.5877972014887517
        }
      },
      "kf36": {
        "overall": {
          "mean_pct_error": 9.92334744136203,
          "median_pct_error": 1.025156020576718,
          "max_pct_error": 99.63308003208641
        },
        "key_param_errors": {
          "dKa_yy": 82.60954698016752,
          "dKg_zz": 59.02037242790023,
          "Ka2_y": 99.63308003208641,
          "Ka2_z": 0.8407056601679301,
          "dKg_xz": 0.03051643729167634,
          "dKa_xz": 0.5882365694939456
        }
      }
    },
    "old_best_legal": {
      "candidate_name": "legal_flip_8_11_12_retime_flipnodes_pre20_post70",
      "markov42": {
        "overall": {
          "mean_pct_error": 11.014162810085333,
          "median_pct_error": 1.0603379306680452,
          "max_pct_error": 99.92214937787182
        },
        "key_param_errors": {
          "dKa_yy": 84.77132397757674,
          "dKg_zz": 76.46895197802066,
          "Ka2_y": 99.92214937787182,
          "Ka2_z": 3.8821190036200264,
          "dKg_xz": 0.43475000616637505,
          "dKa_xz": 0.14567951573398194
        }
      },
      "kf36": {
        "overall": {
          "mean_pct_error": 11.014092121257267,
          "median_pct_error": 1.0602406508286844,
          "max_pct_error": 99.92213961977083
        },
        "key_param_errors": {
          "dKa_yy": 84.76480779442812,
          "dKg_zz": 76.46961291525153,
          "Ka2_y": 99.92213961977083,
          "Ka2_z": 3.8809407722658174,
          "dKg_xz": 0.4344164417122317,
          "dKa_xz": 0.14535565627381575
        }
      }
    },
    "entry_anchor": {
      "candidate_name": "entryx_l8_xpair_pos4_plus_l11_y8x0",
      "markov42": {
        "overall": {
          "mean_pct_error": 11.196679003422249,
          "median_pct_error": 1.3131221905424324,
          "max_pct_error": 99.52969470571006
        },
        "key_param_errors": {
          "dKa_yy": 89.65654673167482,
          "dKg_zz": 63.70902830848822,
          "Ka2_y": 99.52969470571006,
          "Ka2_z": 2.258345391479834,
          "dKg_xz": 0.38229736059898,
          "dKa_xz": 0.3059228133166325
        }
      },
      "kf36": {
        "overall": {
          "mean_pct_error": 11.198282958410116,
          "median_pct_error": 1.3130702461782435,
          "max_pct_error": 99.52968440564123
        },
        "key_param_errors": {
          "dKa_yy": 89.66121224409565,
          "dKg_zz": 63.71187573966795,
          "Ka2_y": 99.52968440564123,
          "Ka2_z": 2.257109732902629,
          "dKg_xz": 0.38194531202125287,
          "dKa_xz": 0.3064016944482018
        }
      }
    },
    "default18": {
      "candidate_name": "default18",
      "markov42": {
        "overall": {
          "mean_pct_error": 1.5563790869355025,
          "median_pct_error": 0.812799823665583,
          "max_pct_error": 14.713291940947315
        },
        "key_param_errors": {
          "dKa_yy": 0.9477898404987541,
          "dKg_zz": 0.851304114610006,
          "Ka2_y": 1.9994816607900874,
          "Ka2_z": 1.2883358751632203,
          "dKg_xz": 0.3510978642553199,
          "dKa_xz": 0.3274679937728792
        }
      },
      "kf36": {
        "overall": {
          "mean_pct_error": 1.5564871665384443,
          "median_pct_error": 0.8131877611261733,
          "max_pct_error": 14.711353452042115
        },
        "key_param_errors": {
          "dKa_yy": 0.9476606704907313,
          "dKg_zz": 0.8522121112508451,
          "Ka2_y": 2.0007501033211734,
          "Ka2_z": 1.2888876792064823,
          "dKg_xz": 0.35109847596388216,
          "dKa_xz": 0.3275370623000178
        }
      }
    }
  },
  "candidate_specs": [
    {
      "name": "entryx_l8_xpair_pos1_plus_l11_y10x2",
      "class": "minimal_entry_mean_tail",
      "rationale": "Smallest positive entry-boundary x-bookend that still changes the anchor8→9 entry state, paired with the old strongest mean-oriented late11 core. Tests whether mean loss mainly came from over-driving the entry dose.",
      "anchors": [
        8,
        11
      ]
    },
    {
      "name": "entryx_l8_xpair_pos1_plus_l11_y10x1",
      "class": "minimal_entry_balance_tail",
      "rationale": "Same minimal entry-boundary x-bookend, but relax the late11 x-buffer from y10x2 to y10x1 so the tail stays mean-friendly while remaining closer to the max branch.",
      "anchors": [
        8,
        11
      ]
    },
    {
      "name": "entryx_l8_xpair_pos1_plus_l11_y10x0back2",
      "class": "minimal_entry_resume_tail",
      "rationale": "Minimal anchor8 entry shaping combined with the resume-side protected late11 tail. This is the cleanest “entry-boundary + softer relay-compatible tail” hybrid.",
      "anchors": [
        8,
        11
      ]
    },
    {
      "name": "entryx_l8_xpair_pos2_plus_l11_y10x2",
      "class": "medium_entry_mean_tail",
      "rationale": "Keep the already-validated pos2 entry conditioner, but swap the late11 block all the way to the stronger mean core. Tests whether the new family can approach unified territory without abandoning its entry mechanism.",
      "anchors": [
        8,
        11
      ]
    },
    {
      "name": "entryx_l8_xpair_pos2_plus_l11_y10x1",
      "class": "medium_entry_balance_tail",
      "rationale": "Pos2 anchor8 entry shaping with a lighter y10x1 late11 core. Intended as the most literal compromise between the new max branch and the old late11 mean branch.",
      "anchors": [
        8,
        11
      ]
    },
    {
      "name": "entryx_l8_xpair_pos2_plus_l11_y9x1",
      "class": "medium_entry_lowmax_tail",
      "rationale": "Pos2 entry shaping with a slightly lower-dose y9x1 late11 tail. This explicitly tries to keep the entry-boundary max tendency while reducing the heavy mean penalty of y8x0.",
      "anchors": [
        8,
        11
      ]
    },
    {
      "name": "entryx_l8_xpair_pos3_plus_l11_y10x0back2",
      "class": "dose_refine_resume_tail",
      "rationale": "Local anchor8 dose interpolation between the old pos2 and pos4 branches, while keeping the better-behaved resume-side late11 tail. This probes whether the pos4 max benefit can be partially retained without the full mean tax.",
      "anchors": [
        8,
        11
      ]
    },
    {
      "name": "entryx_l8_xpair_pos2_plus_l11_ypos10x1yneg8x1",
      "class": "medium_entry_asym_tail",
      "rationale": "Pos2 entry shaping with an asymmetric late11 tail that softens only the return-side negative-Y exposure. Tests whether the entry-boundary family benefits from asymmetry rather than uniform late-dose reduction.",
      "anchors": [
        8,
        11
      ]
    }
  ],
  "markov42_rows": [
    {
      "candidate_name": "entryx_l8_xpair_pos1_plus_l11_y10x1",
      "candidate_class": "minimal_entry_balance_tail",
      "rationale": "Same minimal entry-boundary x-bookend, but relax the late11 x-buffer from y10x2 to y10x1 so the tail stays mean-friendly while remaining closer to the max branch.",
      "total_time_s": 1294.0,
      "metrics": {
        "overall": {
          "mean_pct_error": 10.979638206585426,
          "median_pct_error": 1.3953156192662564,
          "max_pct_error": 99.54997053141923
        },
        "key_param_errors": {
          "dKa_yy": 89.52687912835361,
          "dKg_zz": 61.57398632453736,
          "Ka2_y": 99.54997053141923,
          "Ka2_z": 2.6245925069246314,
          "dKg_xz": 0.3959189868074978,
          "dKa_xz": 0.29194869654377853
        }
      },
      "continuity_checks": [
        {
          "anchor_id": 8,
          "closure_rule": "exact_same_mechanism_state_before_resume",
          "state_before_insertion": {
            "beta_deg": 0,
            "outer_axis_body": [
              1,
              0,
              0
            ],
            "outer_family": "x",
            "gravity_body": [
              -2.220446049250313e-16,
              -2.220446049250313e-16,
              -1.0
            ],
            "face_name": "-Z",
            "C": [
              [
                1.0,
                -7.395570986446986e-32,
                -2.220446049250313e-16
              ],
              [
                -2.465190328815662e-32,
                -1.0,
                2.220446049250313e-16
              ],
              [
                -2.220446049250313e-16,
                -2.220446049250313e-16,
                -1.0
              ]
            ]
          },
          "state_after_insertion": {
            "beta_deg": 0,
            "outer_axis_body": [
              1,
              0,
              0
            ],
            "outer_family": "x",
            "gravity_body": [
              -2.220446049250313e-16,
              -2.220446049250313e-16,
              -1.0
            ],
            "face_name": "-Z",
            "C": [
              [
                1.0,
                -7.395570986446986e-32,
                -2.220446049250313e-16
              ],
              [
                -2.465190328815662e-32,
                -1.0,
                2.220446049250313e-16
              ],
              [
                -2.220446049250313e-16,
                -2.220446049250313e-16,
                -1.0
              ]
            ]
          },
          "closure_ok": true,
          "next_base_action_preview": {
            "kind": "inner",
            "motor_angle_deg": -90,
            "effective_body_axis": [
              0,
              1,
              0
            ],
            "outer_mode": null,
            "state_before": {
              "beta_deg": 0,
              "outer_axis_body": [
                1,
                0,
                0
              ],
              "outer_family": "x",
              "gravity_body": [
                -2.220446049250313e-16,
                -2.220446049250313e-16,
                -1.0
              ],
              "face_name": "-Z",
              "C": [
                [
                  1.0,
                  -7.395570986446986e-32,
                  -2.220446049250313e-16
                ],
                [
                  -2.465190328815662e-32,
                  -1.0,
                  2.220446049250313e-16
                ],
                [
                  -2.220446049250313e-16,
                  -2.220446049250313e-16,
                  -1.0
                ]
              ]
            },
            "state_after": {
              "beta_deg": -90,
              "outer_axis_body": [
                0,
                0,
                -1
              ],
              "outer_family": "z",
              "gravity_body": [
                -1.0,
                -2.220446049250313e-16,
                1.1102230246251565e-16
              ],
              "face_name": "-X",
              "C": [
                [
                  -1.1102230246251565e-16,
                  -7.395570986446986e-32,
                  -1.0
                ],
                [
                  2.220446049250313e-16,
                  -1.0,
                  4.930380657631324e-32
                ],
                [
                  -1.0,
                  -2.220446049250313e-16,
                  1.1102230246251565e-16
                ]
              ]
            },
            "face_after": [
              0,
              1,
              0
            ]
          }
        },
        {
          "anchor_id": 11,
          "closure_rule": "exact_same_mechanism_state_before_resume",
          "state_before_insertion": {
            "beta_deg": -90,
            "outer_axis_body": [
              0,
              0,
              -1
            ],
            "outer_family": "z",
            "gravity_body": [
              1.0,
              0.0,
              1.1102230246251565e-16
            ],
            "face_name": "+X",
            "C": [
              [
                1.1102230246251565e-16,
                4.930380657631324e-32,
                -1.0
              ],
              [
                0.0,
                1.0,
                4.930380657631324e-32
              ],
              [
                1.0,
                0.0,
                1.1102230246251565e-16
              ]
            ]
          },
          "state_after_insertion": {
            "beta_deg": -90,
            "outer_axis_body": [
              0,
              0,
              -1
            ],
            "outer_family": "z",
            "gravity_body": [
              1.0,
              -4.440892098500626e-16,
              1.1102230246251565e-16
            ],
            "face_name": "+X",
            "C": [
              [
                1.1102230246251565e-16,
                0.0,
                -1.0
              ],
              [
                4.440892098500626e-16,
                1.0,
                4.930380657631324e-32
              ],
              [
                1.0,
                -4.440892098500626e-16,
                1.1102230246251565e-16
              ]
            ]
          },
          "closure_ok": true,
          "next_base_action_preview": {
            "kind": "inner",
            "motor_angle_deg": 90,
            "effective_body_axis": [
              0,
              1,
              0
            ],
            "outer_mode": null,
            "state_before": {
              "beta_deg": -90,
              "outer_axis_body": [
                0,
                0,
                -1
              ],
              "outer_family": "z",
              "gravity_body": [
                1.0,
                -4.440892098500626e-16,
                1.1102230246251565e-16
              ],
              "face_name": "+X",
              "C": [
                [
                  1.1102230246251565e-16,
                  0.0,
                  -1.0
                ],
                [
                  4.440892098500626e-16,
                  1.0,
                  4.930380657631324e-32
                ],
                [
                  1.0,
                  -4.440892098500626e-16,
                  1.1102230246251565e-16
                ]
              ]
            },
            "state_after": {
              "beta_deg": 0,
              "outer_axis_body": [
                1,
                0,
                0
              ],
              "outer_family": "x",
              "gravity_body": [
                0.0,
                -4.440892098500626e-16,
                1.0
              ],
              "face_name": "+Z",
              "C": [
                [
                  1.0,
                  0.0,
                  0.0
                ],
                [
                  0.0,
                  1.0,
                  4.440892098500626e-16
                ],
                [
                  0.0,
                  -4.440892098500626e-16,
                  1.0
                ]
              ]
            },
            "face_after": [
              0,
              1,
              0
            ]
          }
        }
      ],
      "run_json": "/root/.openclaw/workspace/psins_method_bench/results/M_markov_42state_gm1_ch3closedloop_entryx_l8_xpair_pos1_plus_l11_y10x1_shared_noise0p08_param_errors.json",
      "status": "reused_verified",
      "delta_vs_relay_winner": {
        "mean_pct_error": {
          "reference": 10.041697666363424,
          "candidate": 10.979638206585426,
          "improvement_pct_points": -0.9379405402220016,
          "relative_improvement_pct": -9.340457872614625
        },
        "median_pct_error": {
          "reference": 0.7430359628701022,
          "candidate": 1.3953156192662564,
          "improvement_pct_points": -0.6522796563961542,
          "relative_improvement_pct": -87.78574510399383
        },
        "max_pct_error": {
          "reference": 99.75993465087369,
          "candidate": 99.54997053141923,
          "improvement_pct_points": 0.2099641194544546,
          "relative_improvement_pct": 0.21046938351479338
        }
      },
      "delta_vs_unified_winner": {
        "mean_pct_error": {
          "reference": 9.922637196934726,
          "candidate": 10.979638206585426,
          "improvement_pct_points": -1.0570010096506994,
          "relative_improvement_pct": -10.652420205157005
        },
        "median_pct_error": {
          "reference": 1.0256631258803282,
          "candidate": 1.3953156192662564,
          "improvement_pct_points": -0.3696524933859282,
          "relative_improvement_pct": -36.04034151746022
        },
        "max_pct_error": {
          "reference": 99.63308567370115,
          "candidate": 99.54997053141923,
          "improvement_pct_points": 0.08311514228191186,
          "relative_improvement_pct": 0.0834212267138994
        }
      },
      "delta_vs_old_best": {
        "mean_pct_error": {
          "reference": 11.014162810085333,
          "candidate": 10.979638206585426,
          "improvement_pct_points": 0.03452460349990716,
          "relative_improvement_pct": 0.31345644780458515
        },
        "median_pct_error": {
          "reference": 1.0603379306680452,
          "candidate": 1.3953156192662564,
          "improvement_pct_points": -0.3349776885982112,
          "relative_improvement_pct": -31.59159725495862
        },
        "max_pct_error": {
          "reference": 99.92214937787182,
          "candidate": 99.54997053141923,
          "improvement_pct_points": 0.37217884645258437,
          "relative_improvement_pct": 0.37246881574287366
        }
      },
      "delta_vs_entry_anchor": {
        "mean_pct_error": {
          "reference": 11.196679003422249,
          "candidate": 10.979638206585426,
          "improvement_pct_points": 0.2170407968368231,
          "relative_improvement_pct": 1.9384390386692776
        },
        "median_pct_error": {
          "reference": 1.3131221905424324,
          "candidate": 1.3953156192662564,
          "improvement_pct_points": -0.08219342872382396,
          "relative_improvement_pct": -6.259389211134342
        },
        "max_pct_error": {
          "reference": 99.52969470571006,
          "candidate": 99.54997053141923,
          "improvement_pct_points": -0.020275825709177298,
          "relative_improvement_pct": -0.02037163458516473
        }
      },
      "delta_vs_default18": {
        "mean_pct_error": {
          "reference": 1.5563790869355025,
          "candidate": 10.979638206585426,
          "improvement_pct_points": -9.423259119649924,
          "relative_improvement_pct": -605.4604047786482
        },
        "median_pct_error": {
          "reference": 0.812799823665583,
          "candidate": 1.3953156192662564,
          "improvement_pct_points": -0.5825157956006733,
          "relative_improvement_pct": -71.66780536118111
        },
        "max_pct_error": {
          "reference": 14.713291940947315,
          "candidate": 99.54997053141923,
          "improvement_pct_points": -84.83667859047192,
          "relative_improvement_pct": -576.5988939182955
        }
      },
      "on_pareto_frontier": true
    },
    {
      "candidate_name": "entryx_l8_xpair_pos1_plus_l11_y10x0back2",
      "candidate_class": "minimal_entry_resume_tail",
      "rationale": "Minimal anchor8 entry shaping combined with the resume-side protected late11 tail. This is the cleanest “entry-boundary + softer relay-compatible tail” hybrid.",
      "total_time_s": 1294.0,
      "metrics": {
        "overall": {
          "mean_pct_error": 11.019182188346642,
          "median_pct_error": 1.3567946233099115,
          "max_pct_error": 99.54317914994888
        },
        "key_param_errors": {
          "dKa_yy": 89.69082502077087,
          "dKg_zz": 61.78614180512834,
          "Ka2_y": 99.54317914994888,
          "Ka2_z": 2.6652126381234322,
          "dKg_xz": 0.4935134061444945,
          "dKa_xz": 0.23158917555211625
        }
      },
      "continuity_checks": [
        {
          "anchor_id": 8,
          "closure_rule": "exact_same_mechanism_state_before_resume",
          "state_before_insertion": {
            "beta_deg": 0,
            "outer_axis_body": [
              1,
              0,
              0
            ],
            "outer_family": "x",
            "gravity_body": [
              -2.220446049250313e-16,
              -2.220446049250313e-16,
              -1.0
            ],
            "face_name": "-Z",
            "C": [
              [
                1.0,
                -7.395570986446986e-32,
                -2.220446049250313e-16
              ],
              [
                -2.465190328815662e-32,
                -1.0,
                2.220446049250313e-16
              ],
              [
                -2.220446049250313e-16,
                -2.220446049250313e-16,
                -1.0
              ]
            ]
          },
          "state_after_insertion": {
            "beta_deg": 0,
            "outer_axis_body": [
              1,
              0,
              0
            ],
            "outer_family": "x",
            "gravity_body": [
              -2.220446049250313e-16,
              -2.220446049250313e-16,
              -1.0
            ],
            "face_name": "-Z",
            "C": [
              [
                1.0,
                -7.395570986446986e-32,
                -2.220446049250313e-16
              ],
              [
                -2.465190328815662e-32,
                -1.0,
                2.220446049250313e-16
              ],
              [
                -2.220446049250313e-16,
                -2.220446049250313e-16,
                -1.0
              ]
            ]
          },
          "closure_ok": true,
          "next_base_action_preview": {
            "kind": "inner",
            "motor_angle_deg": -90,
            "effective_body_axis": [
              0,
              1,
              0
            ],
            "outer_mode": null,
            "state_before": {
              "beta_deg": 0,
              "outer_axis_body": [
                1,
                0,
                0
              ],
              "outer_family": "x",
              "gravity_body": [
                -2.220446049250313e-16,
                -2.220446049250313e-16,
                -1.0
              ],
              "face_name": "-Z",
              "C": [
                [
                  1.0,
                  -7.395570986446986e-32,
                  -2.220446049250313e-16
                ],
                [
                  -2.465190328815662e-32,
                  -1.0,
                  2.220446049250313e-16
                ],
                [
                  -2.220446049250313e-16,
                  -2.220446049250313e-16,
                  -1.0
                ]
              ]
            },
            "state_after": {
              "beta_deg": -90,
              "outer_axis_body": [
                0,
                0,
                -1
              ],
              "outer_family": "z",
              "gravity_body": [
                -1.0,
                -2.220446049250313e-16,
                1.1102230246251565e-16
              ],
              "face_name": "-X",
              "C": [
                [
                  -1.1102230246251565e-16,
                  -7.395570986446986e-32,
                  -1.0
                ],
                [
                  2.220446049250313e-16,
                  -1.0,
                  4.930380657631324e-32
                ],
                [
                  -1.0,
                  -2.220446049250313e-16,
                  1.1102230246251565e-16
                ]
              ]
            },
            "face_after": [
              0,
              1,
              0
            ]
          }
        },
        {
          "anchor_id": 11,
          "closure_rule": "exact_same_mechanism_state_before_resume",
          "state_before_insertion": {
            "beta_deg": -90,
            "outer_axis_body": [
              0,
              0,
              -1
            ],
            "outer_family": "z",
            "gravity_body": [
              1.0,
              0.0,
              1.1102230246251565e-16
            ],
            "face_name": "+X",
            "C": [
              [
                1.1102230246251565e-16,
                4.930380657631324e-32,
                -1.0
              ],
              [
                0.0,
                1.0,
                4.930380657631324e-32
              ],
              [
                1.0,
                0.0,
                1.1102230246251565e-16
              ]
            ]
          },
          "state_after_insertion": {
            "beta_deg": -90,
            "outer_axis_body": [
              0,
              0,
              -1
            ],
            "outer_family": "z",
            "gravity_body": [
              1.0,
              -4.440892098500626e-16,
              1.1102230246251565e-16
            ],
            "face_name": "+X",
            "C": [
              [
                1.1102230246251565e-16,
                0.0,
                -1.0
              ],
              [
                4.440892098500626e-16,
                1.0,
                4.930380657631324e-32
              ],
              [
                1.0,
                -4.440892098500626e-16,
                1.1102230246251565e-16
              ]
            ]
          },
          "closure_ok": true,
          "next_base_action_preview": {
            "kind": "inner",
            "motor_angle_deg": 90,
            "effective_body_axis": [
              0,
              1,
              0
            ],
            "outer_mode": null,
            "state_before": {
              "beta_deg": -90,
              "outer_axis_body": [
                0,
                0,
                -1
              ],
              "outer_family": "z",
              "gravity_body": [
                1.0,
                -4.440892098500626e-16,
                1.1102230246251565e-16
              ],
              "face_name": "+X",
              "C": [
                [
                  1.1102230246251565e-16,
                  0.0,
                  -1.0
                ],
                [
                  4.440892098500626e-16,
                  1.0,
                  4.930380657631324e-32
                ],
                [
                  1.0,
                  -4.440892098500626e-16,
                  1.1102230246251565e-16
                ]
              ]
            },
            "state_after": {
              "beta_deg": 0,
              "outer_axis_body": [
                1,
                0,
                0
              ],
              "outer_family": "x",
              "gravity_body": [
                0.0,
                -4.440892098500626e-16,
                1.0
              ],
              "face_name": "+Z",
              "C": [
                [
                  1.0,
                  0.0,
                  0.0
                ],
                [
                  0.0,
                  1.0,
                  4.440892098500626e-16
                ],
                [
                  0.0,
                  -4.440892098500626e-16,
                  1.0
                ]
              ]
            },
            "face_after": [
              0,
              1,
              0
            ]
          }
        }
      ],
      "run_json": "/root/.openclaw/workspace/psins_method_bench/results/M_markov_42state_gm1_ch3closedloop_entryx_l8_xpair_pos1_plus_l11_y10x0back2_shared_noise0p08_param_errors.json",
      "status": "reused_verified",
      "delta_vs_relay_winner": {
        "mean_pct_error": {
          "reference": 10.041697666363424,
          "candidate": 11.019182188346642,
          "improvement_pct_points": -0.977484521983218,
          "relative_improvement_pct": -9.734255645412313
        },
        "median_pct_error": {
          "reference": 0.7430359628701022,
          "candidate": 1.3567946233099115,
          "improvement_pct_points": -0.6137586604398093,
          "relative_improvement_pct": -82.6014743713161
        },
        "max_pct_error": {
          "reference": 99.75993465087369,
          "candidate": 99.54317914994888,
          "improvement_pct_points": 0.21675550092480478,
          "relative_improvement_pct": 0.21727710797263083
        }
      },
      "delta_vs_unified_winner": {
        "mean_pct_error": {
          "reference": 9.922637196934726,
          "candidate": 11.019182188346642,
          "improvement_pct_points": -1.0965449914119159,
          "relative_improvement_pct": -11.050943107651436
        },
        "median_pct_error": {
          "reference": 1.0256631258803282,
          "candidate": 1.3567946233099115,
          "improvement_pct_points": -0.33113149742958337,
          "relative_improvement_pct": -32.28462533888724
        },
        "max_pct_error": {
          "reference": 99.63308567370115,
          "candidate": 99.54317914994888,
          "improvement_pct_points": 0.08990652375226205,
          "relative_improvement_pct": 0.09023761850225773
        }
      },
      "delta_vs_old_best": {
        "mean_pct_error": {
          "reference": 11.014162810085333,
          "candidate": 11.019182188346642,
          "improvement_pct_points": -0.005019378261309271,
          "relative_improvement_pct": -0.045572036185203106
        },
        "median_pct_error": {
          "reference": 1.0603379306680452,
          "candidate": 1.3567946233099115,
          "improvement_pct_points": -0.29645669264186636,
          "relative_improvement_pct": -27.958699209702857
        },
        "max_pct_error": {
          "reference": 99.92214937787182,
          "candidate": 99.54317914994888,
          "improvement_pct_points": 0.37897022792293455,
          "relative_improvement_pct": 0.3792654884652222
        }
      },
      "delta_vs_entry_anchor": {
        "mean_pct_error": {
          "reference": 11.196679003422249,
          "candidate": 11.019182188346642,
          "improvement_pct_points": 0.17749681507560666,
          "relative_improvement_pct": 1.5852630500647114
        },
        "median_pct_error": {
          "reference": 1.3131221905424324,
          "candidate": 1.3567946233099115,
          "improvement_pct_points": -0.04367243276747912,
          "relative_improvement_pct": -3.325846831469556
        },
        "max_pct_error": {
          "reference": 99.52969470571006,
          "candidate": 99.54317914994888,
          "improvement_pct_points": -0.013484444238827109,
          "relative_improvement_pct": -0.013548161961812489
        }
      },
      "delta_vs_default18": {
        "mean_pct_error": {
          "reference": 1.5563790869355025,
          "candidate": 11.019182188346642,
          "improvement_pct_points": -9.46280310141114,
          "relative_improvement_pct": -608.0011727761853
        },
        "median_pct_error": {
          "reference": 0.812799823665583,
          "candidate": 1.3567946233099115,
          "improvement_pct_points": -0.5439947996443285,
          "relative_improvement_pct": -66.92850857065993
        },
        "max_pct_error": {
          "reference": 14.713291940947315,
          "candidate": 99.54317914994888,
          "improvement_pct_points": -84.82988720900157,
          "relative_improvement_pct": -576.5527357811661
        }
      },
      "on_pareto_frontier": true
    },
    {
      "candidate_name": "entryx_l8_xpair_pos2_plus_l11_ypos10x1yneg8x1",
      "candidate_class": "medium_entry_asym_tail",
      "rationale": "Pos2 entry shaping with an asymmetric late11 tail that softens only the return-side negative-Y exposure. Tests whether the entry-boundary family benefits from asymmetry rather than uniform late-dose reduction.",
      "total_time_s": 1294.0,
      "metrics": {
        "overall": {
          "mean_pct_error": 11.03037419888863,
          "median_pct_error": 1.3417977617358017,
          "max_pct_error": 99.55446166142066
        },
        "key_param_errors": {
          "dKa_yy": 89.61565343181739,
          "dKg_zz": 62.387346354976344,
          "Ka2_y": 99.55446166142066,
          "Ka2_z": 2.3995663439247346,
          "dKg_xz": 0.3348435702720892,
          "dKa_xz": 0.3285131750831395
        }
      },
      "continuity_checks": [
        {
          "anchor_id": 8,
          "closure_rule": "exact_same_mechanism_state_before_resume",
          "state_before_insertion": {
            "beta_deg": 0,
            "outer_axis_body": [
              1,
              0,
              0
            ],
            "outer_family": "x",
            "gravity_body": [
              -2.220446049250313e-16,
              -2.220446049250313e-16,
              -1.0
            ],
            "face_name": "-Z",
            "C": [
              [
                1.0,
                -7.395570986446986e-32,
                -2.220446049250313e-16
              ],
              [
                -2.465190328815662e-32,
                -1.0,
                2.220446049250313e-16
              ],
              [
                -2.220446049250313e-16,
                -2.220446049250313e-16,
                -1.0
              ]
            ]
          },
          "state_after_insertion": {
            "beta_deg": 0,
            "outer_axis_body": [
              1,
              0,
              0
            ],
            "outer_family": "x",
            "gravity_body": [
              -2.220446049250313e-16,
              -2.220446049250313e-16,
              -1.0
            ],
            "face_name": "-Z",
            "C": [
              [
                1.0,
                -7.395570986446986e-32,
                -2.220446049250313e-16
              ],
              [
                -2.465190328815662e-32,
                -1.0,
                2.220446049250313e-16
              ],
              [
                -2.220446049250313e-16,
                -2.220446049250313e-16,
                -1.0
              ]
            ]
          },
          "closure_ok": true,
          "next_base_action_preview": {
            "kind": "inner",
            "motor_angle_deg": -90,
            "effective_body_axis": [
              0,
              1,
              0
            ],
            "outer_mode": null,
            "state_before": {
              "beta_deg": 0,
              "outer_axis_body": [
                1,
                0,
                0
              ],
              "outer_family": "x",
              "gravity_body": [
                -2.220446049250313e-16,
                -2.220446049250313e-16,
                -1.0
              ],
              "face_name": "-Z",
              "C": [
                [
                  1.0,
                  -7.395570986446986e-32,
                  -2.220446049250313e-16
                ],
                [
                  -2.465190328815662e-32,
                  -1.0,
                  2.220446049250313e-16
                ],
                [
                  -2.220446049250313e-16,
                  -2.220446049250313e-16,
                  -1.0
                ]
              ]
            },
            "state_after": {
              "beta_deg": -90,
              "outer_axis_body": [
                0,
                0,
                -1
              ],
              "outer_family": "z",
              "gravity_body": [
                -1.0,
                -2.220446049250313e-16,
                1.1102230246251565e-16
              ],
              "face_name": "-X",
              "C": [
                [
                  -1.1102230246251565e-16,
                  -7.395570986446986e-32,
                  -1.0
                ],
                [
                  2.220446049250313e-16,
                  -1.0,
                  4.930380657631324e-32
                ],
                [
                  -1.0,
                  -2.220446049250313e-16,
                  1.1102230246251565e-16
                ]
              ]
            },
            "face_after": [
              0,
              1,
              0
            ]
          }
        },
        {
          "anchor_id": 11,
          "closure_rule": "exact_same_mechanism_state_before_resume",
          "state_before_insertion": {
            "beta_deg": -90,
            "outer_axis_body": [
              0,
              0,
              -1
            ],
            "outer_family": "z",
            "gravity_body": [
              1.0,
              0.0,
              1.1102230246251565e-16
            ],
            "face_name": "+X",
            "C": [
              [
                1.1102230246251565e-16,
                4.930380657631324e-32,
                -1.0
              ],
              [
                0.0,
                1.0,
                4.930380657631324e-32
              ],
              [
                1.0,
                0.0,
                1.1102230246251565e-16
              ]
            ]
          },
          "state_after_insertion": {
            "beta_deg": -90,
            "outer_axis_body": [
              0,
              0,
              -1
            ],
            "outer_family": "z",
            "gravity_body": [
              1.0,
              -4.440892098500626e-16,
