{
  "experiment": "ch3_hidden_gateway_diagonal_branch",
  "report_date": "2026-04-01",
  "noise_scale": 0.08,
  "hard_constraints": {
    "physical_legality": "real dual-axis legality only",
    "continuity_rule": "exact same mechanism state before resume",
    "base_reference": "original faithful chapter-3 12-position sequence remains the backbone",
    "time_budget_minutes": [
      20.0,
      30.0
    ],
    "seed": 42,
    "truth_family": "shared low-noise benchmark",
    "search_style": "theory-guided small branch batch; no random brute force"
  },
  "hypotheses": [
    {
      "id": "H1",
      "text": "Untested single-gateway mixed-beta diagonal pair: the inner gateway before the late weak block may unlock legal diagonal x±z outer excitation that pure x/z late-anchor searches never touched."
    },
    {
      "id": "H2",
      "text": "Untested gateway diagonal butterfly: the missing structure may require visiting both legal diagonal outer axes within one closed insertion, not just one diagonal pair."
    },
    {
      "id": "H1-control",
      "text": "Mirror-pair control: if the gain is only generic extra excitation, a symmetric early+late diagonal pair should also help; if the gain is truly late-gateway-specific, that control should be weaker."
    }
  ],
  "selected_family_focus": [
    "single_gateway_diagonal_pair",
    "gateway_diagonal_butterfly"
  ],
  "branch_hypothesis": "The missing valid branch is a gateway-diagonal mixed-beta branch: instead of adding more pure x/z late-anchor dose, open the real inner axis at anchor9 to mixed beta, let the outer motor excite diagonal x±z axes legally, and close back exactly before node10 resumes. The strongest form is a diagonal butterfly that visits both legal diagonal outer axes within one continuity-safe insertion.",
  "references": {
    "faithful12": {
      "markov42": {
        "overall": {
          "mean_pct_error": 15.290300274032441,
          "median_pct_error": 1.483362834112179,
          "max_pct_error": 122.58269656383278
        },
        "key_param_errors": {
          "dKa_yy": 122.58269656383278,
          "dKg_zz": 85.57075351197156,
          "Ka2_y": 99.94129544126406,
          "Ka2_z": 64.70431004852547,
          "dKg_xz": 18.68063496921905,
          "dKa_xz": 18.85408106874926
        }
      },
      "kf36": {
        "overall": {
          "mean_pct_error": 15.288687861181792,
          "median_pct_error": 1.4837439708458107,
          "max_pct_error": 122.5882646997851
        },
        "key_param_errors": {
          "dKa_yy": 122.5882646997851,
          "dKg_zz": 85.57095512255164,
          "Ka2_y": 99.94128958152183,
          "Ka2_z": 64.68594016040949,
          "dKg_xz": 18.674921597907467,
          "dKa_xz": 18.84829522348288
        }
      }
    },
    "current_unified_winner": {
      "markov42": {
        "overall": {
          "mean_pct_error": 9.922637196934726,
          "median_pct_error": 1.0256631258803282,
          "max_pct_error": 99.63308567370115
        },
        "key_param_errors": {
          "dKa_yy": 82.60930965112222,
          "dKg_zz": 59.01728589983005,
          "Ka2_y": 99.63308567370115,
          "Ka2_z": 0.8419410516265626,
          "dKg_xz": 0.030207268369070252,
          "dKa_xz": 0.5877972014887517
        }
      },
      "kf36": {
        "overall": {
          "mean_pct_error": 9.92334744136203,
          "median_pct_error": 1.025156020576718,
          "max_pct_error": 99.63308003208641
        },
        "key_param_errors": {
          "dKa_yy": 82.60954698016752,
          "dKg_zz": 59.02037242790023,
          "Ka2_y": 99.63308003208641,
          "Ka2_z": 0.8407056601679301,
          "dKg_xz": 0.03051643729167634,
          "dKa_xz": 0.5882365694939456
        }
      }
    },
    "old_best_legal": {
      "markov42": {
        "overall": {
          "mean_pct_error": 11.014162810085333,
          "median_pct_error": 1.0603379306680452,
          "max_pct_error": 99.92214937787182
        },
        "key_param_errors": {
          "dKa_yy": 84.77132397757674,
          "dKg_zz": 76.46895197802066,
          "Ka2_y": 99.92214937787182,
          "Ka2_z": 3.8821190036200264,
          "dKg_xz": 0.43475000616637505,
          "dKa_xz": 0.14567951573398194
        }
      },
      "kf36": {
        "overall": {
          "mean_pct_error": 11.014092121257267,
          "median_pct_error": 1.0602406508286844,
          "max_pct_error": 99.92213961977083
        },
        "key_param_errors": {
          "dKa_yy": 84.76480779442812,
          "dKg_zz": 76.46961291525153,
          "Ka2_y": 99.92213961977083,
          "Ka2_z": 3.8809407722658174,
          "dKg_xz": 0.4344164417122317,
          "dKa_xz": 0.14535565627381575
        }
      }
    },
    "default18": {
      "markov42": {
        "overall": {
          "mean_pct_error": 1.5563790869355025,
          "median_pct_error": 0.812799823665583,
          "max_pct_error": 14.713291940947315
        },
        "key_param_errors": {
          "dKa_yy": 0.9477898404987541,
          "dKg_zz": 0.851304114610006,
          "Ka2_y": 1.9994816607900874,
          "Ka2_z": 1.2883358751632203,
          "dKg_xz": 0.3510978642553199,
          "dKa_xz": 0.3274679937728792
        }
      },
      "kf36": {
        "overall": {
          "mean_pct_error": 1.5564871665384443,
          "median_pct_error": 0.8131877611261733,
          "max_pct_error": 14.711353452042115
        },
        "key_param_errors": {
          "dKa_yy": 0.9476606704907313,
          "dKg_zz": 0.8522121112508451,
          "Ka2_y": 2.0007501033211734,
          "Ka2_z": 1.2888876792064823,
          "dKg_xz": 0.35109847596388216,
          "dKa_xz": 0.3275370623000178
        }
      }
    }
  },
  "candidate_specs": [
    {
      "artifact_name": "probe_l9_diag45_neg",
      "display_name": "gatewaydiag_l9_pair_diag135_posfirst_d8",
      "family": "single_gateway_diagonal_pair",
      "hypothesis": "H1",
      "rationale": "Single legal diagonal pair launched from the anchor9 gateway by opening to beta=-135 and sweeping outer +90/-90. This is the minimal mixed-beta test of whether pure x/z anchor saturation is the real blocker.",
      "anchors": [
        9
      ]
    },
    {
      "artifact_name": "probe2_l9_diag135_negfirst",
      "display_name": "gatewaydiag_l9_pair_diag135_negfirst_d8",
      "family": "single_gateway_diagonal_pair",
      "hypothesis": "H1",
      "rationale": "Same anchor9 diagonal pair, but reverse the outer sweep order to -90/+90. This tests whether the mixed-beta branch is order-sensitive even before any heavier structural motif is added.",
      "anchors": [
        9
      ]
    },
    {
      "artifact_name": "probe_l3_l9_diag45_pair",
      "display_name": "gatewaydiag_l3_l9_mirror_pair_d8",
      "family": "mirror_pair_control",
      "hypothesis": "H1-control",
      "rationale": "Symmetry control: apply one legal diagonal pair at the early mirror gateway and again at anchor9. If the gain is only from generic extra excitation, this mirror version should help; if the gain is late-gateway-specific, it should not.",
      "anchors": [
        3,
        9
      ]
    },
    {
      "artifact_name": "probe2_l9_diag_butterfly_same",
      "display_name": "gatewaydiag_l9_butterfly_same_d6",
      "family": "gateway_diagonal_butterfly",
      "hypothesis": "H2",
      "rationale": "Within the same anchor9 gateway, visit both legal diagonal outer axes before returning. This tests whether the missing structure is not a single diagonal, but a two-diagonal butterfly that couples the late block more completely.",
      "anchors": [
        9
      ]
    },
    {
      "artifact_name": "probe2_l9_diag_butterfly_flip",
      "display_name": "gatewaydiag_l9_butterfly_flip_d6",
      "family": "gateway_diagonal_butterfly",
      "hypothesis": "H2",
      "rationale": "Same butterfly idea, but flip the second diagonal sweep sign. This distinguishes “visit both diagonals” from a stricter “same signed sweep on both diagonals” story.",
      "anchors": [
        9
      ]
    },
    {
      "artifact_name": "probe3_l9_diag_bfly_same_d4",
      "display_name": "gatewaydiag_l9_butterfly_same_d4",
      "family": "gateway_diagonal_butterfly_tune",
      "hypothesis": "H2-tune",
      "rationale": "Shorter dwell control for the same-sign butterfly.",
      "anchors": [
        9
      ]
    },
    {
      "artifact_name": "probe3_l9_diag_bfly_same_d8",
      "display_name": "gatewaydiag_l9_butterfly_same_d8",
      "family": "gateway_diagonal_butterfly_tune",
      "hypothesis": "H2-tune",
      "rationale": "Longer-dwell same-sign butterfly. This is the best-mean landed point in the new branch.",
      "anchors": [
        9
      ]
    },
    {
      "artifact_name": "probe3_l9_diag_bfly_flip_d4",
      "display_name": "gatewaydiag_l9_butterfly_flip_d4",
      "family": "gateway_diagonal_butterfly_tune",
      "hypothesis": "H2-tune",
      "rationale": "Shorter-dwell control for the flip-sign butterfly.",
      "anchors": [
        9
      ]
    },
    {
      "artifact_name": "probe3_l9_diag_bfly_flip_d8",
      "display_name": "gatewaydiag_l9_butterfly_flip_d8",
      "family": "gateway_diagonal_butterfly_tune",
      "hypothesis": "H2-tune",
      "rationale": "Longer-dwell flip-sign butterfly. This is the best-max landed point in the new branch.",
      "anchors": [
        9
      ]
    }
  ],
  "micro_followup_specs": [
    {
      "artifact_name": "probe4_l9_diag_bfly_same_d9",
      "display_name": "gatewaydiag_l9_butterfly_same_d9",
      "family": "micro_followup",
      "hypothesis": "H2-sweetspot-check",
      "rationale": "Post-selection dwell interpolation check above d8.",
      "anchors": [
        9
      ]
    },
    {
      "artifact_name": "probe4_l9_diag_bfly_same_d10",
      "display_name": "gatewaydiag_l9_butterfly_same_d10",
      "family": "micro_followup",
      "hypothesis": "H2-sweetspot-check",
      "rationale": "Post-selection dwell interpolation check above d8.",
      "anchors": [
        9
      ]
    },
    {
      "artifact_name": "probe4_l9_diag_bfly_flip_d10",
      "display_name": "gatewaydiag_l9_butterfly_flip_d10",
      "family": "micro_followup",
      "hypothesis": "H2-sweetspot-check",
      "rationale": "Post-selection dwell interpolation check above d8.",
      "anchors": [
        9
      ]
    }
  ],
  "markov42_rows": [
    {
      "artifact_name": "probe3_l9_diag_bfly_same_d8",
      "display_name": "gatewaydiag_l9_butterfly_same_d8",
      "family": "gateway_diagonal_butterfly_tune",
      "hypothesis": "H2-tune",
      "rationale": "Longer-dwell same-sign butterfly. This is the best-mean landed point in the new branch.",
      "total_time_s": 1271.0,
      "metrics": {
        "overall": {
          "mean_pct_error": 11.279840836916332,
          "median_pct_error": 1.0775064909898178,
          "max_pct_error": 99.94160943165572
        },
        "key_param_errors": {
          "dKa_yy": 83.32209010578066,
          "dKg_zz": 31.466271478827668,
          "Ka2_y": 99.94160943165572,
          "Ka2_z": 3.9257245252912782,
          "dKg_xz": 1.0765891937396095,
          "dKa_xz": 0.4111656066164124
        }
      },
      "continuity_checks": [
        {
          "anchor_id": 9,
          "closure_rule": "exact_same_mechanism_state_before_resume",
          "state_before_insertion": {
            "beta_deg": -90,
            "outer_axis_body": [
              0,
              0,
              -1
            ],
            "outer_family": "z",
            "gravity_body": [
              -1.0,
              -2.220446049250313e-16,
              1.1102230246251565e-16
            ],
            "face_name": "-X",
            "C": [
              [
                -1.1102230246251565e-16,
                -7.395570986446986e-32,
                -1.0
              ],
              [
                2.220446049250313e-16,
                -1.0,
                4.930380657631324e-32
              ],
              [
                -1.0,
                -2.220446049250313e-16,
                1.1102230246251565e-16
              ]
            ]
          },
          "state_after_insertion": {
            "beta_deg": -90,
            "outer_axis_body": [
              0,
              0,
              -1
            ],
            "outer_family": "z",
            "gravity_body": [
              -1.0,
              -3.5327080320384943e-16,
              1.2116883882008518e-16
            ],
            "face_name": "-X",
            "C": [
              [
                -2.999268993270465e-16,
                6.223285321735619e-19,
                -0.9999999999999994
              ],
              [
                2.1925502903840278e-16,
                -1.0000000000000004,
                9.476346269835224e-17
              ],
              [
                -1.0,
                -3.5327080320384943e-16,
                1.2116883882008518e-16
              ]
            ]
          },
          "closure_ok": true,
          "next_base_action_preview": {
            "kind": "outer",
            "motor_angle_deg": 90,
            "effective_body_axis": [
              0,
              0,
              -1
            ],
            "outer_mode": "z",
            "state_before": {
              "beta_deg": -90,
              "outer_axis_body": [
                0,
                0,
                -1
              ],
              "outer_family": "z",
              "gravity_body": [
                -1.0,
                -3.5327080320384943e-16,
                1.2116883882008518e-16
              ],
              "face_name": "-X",
              "C": [
                [
                  -2.999268993270465e-16,
                  6.223285321735619e-19,
                  -0.9999999999999994
                ],
                [
                  2.1925502903840278e-16,
                  -1.0000000000000004,
                  9.476346269835224e-17
                ],
                [
                  -1.0,
                  -3.5327080320384943e-16,
                  1.2116883882008518e-16
                ]
              ]
            },
            "state_after": {
              "beta_deg": -90,
              "outer_axis_body": [
                0,
                0,
                -1
              ],
              "outer_family": "z",
              "gravity_body": [
                2.422485007413338e-16,
                -1.0,
                1.2116883882008518e-16
              ],
              "face_name": "-Y",
              "C": [
                [
                  -6.223285321735952e-19,
                  -2.999268993270465e-16,
                  -0.9999999999999994
                ],
                [
                  1.0000000000000004,
                  1.0823272657588708e-16,
                  9.476346269835224e-17
                ],
                [
                  2.422485007413338e-16,
                  -1.0,
                  1.2116883882008518e-16
                ]
              ]
            },
            "face_after": [
              0,
              0,
              -1
            ]
          }
        }
      ],
      "run_json": "/root/.openclaw/workspace/psins_method_bench/results/M_markov_42state_gm1_ch3closedloop_probe3_l9_diag_bfly_same_d8_shared_noise0p08_param_errors.json",
      "status": "reused_verified",
      "delta_vs_faithful": {
        "mean_pct_error": {
          "reference": 15.290300274032441,
          "candidate": 11.279840836916332,
          "improvement_pct_points": 4.0104594371161095,
          "relative_improvement_pct": 26.228781418551232
        },
        "median_pct_error": {
          "reference": 1.483362834112179,
          "candidate": 1.0775064909898178,
          "improvement_pct_points": 0.4058563431223612,
          "relative_improvement_pct": 27.360557632231224
        },
        "max_pct_error": {
          "reference": 122.58269656383278,
          "candidate": 99.94160943165572,
          "improvement_pct_points": 22.641087132177063,
          "relative_improvement_pct": 18.470051456558647
        }
      },
      "delta_vs_current_unified": {
        "mean_pct_error": {
          "reference": 9.922637196934726,
          "candidate": 11.279840836916332,
          "improvement_pct_points": -1.3572036399816056,
          "relative_improvement_pct": -13.677852097634583
        },
        "median_pct_error": {
          "reference": 1.0256631258803282,
          "candidate": 1.0775064909898178,
          "improvement_pct_points": -0.051843365109489614,
          "relative_improvement_pct": -5.0546191825890565
        },
        "max_pct_error": {
          "reference": 99.63308567370115,
          "candidate": 99.94160943165572,
          "improvement_pct_points": -0.30852375795457476,
          "relative_improvement_pct": -0.30965994465432056
        }
      },
      "delta_vs_old_best": {
        "mean_pct_error": {
          "reference": 11.014162810085333,
          "candidate": 11.279840836916332,
          "improvement_pct_points": -0.26567802683099906,
          "relative_improvement_pct": -2.4121490794354865
        },
        "median_pct_error": {
          "reference": 1.0603379306680452,
          "candidate": 1.0775064909898178,
          "improvement_pct_points": -0.017168560321772608,
          "relative_improvement_pct": -1.6191593099905321
        },
        "max_pct_error": {
          "reference": 99.92214937787182,
          "candidate": 99.94160943165572,
          "improvement_pct_points": -0.019460053783902254,
          "relative_improvement_pct": -0.01947521536022099
        }
      },
      "delta_vs_default18": {
        "mean_pct_error": {
          "reference": 1.5563790869355025,
          "candidate": 11.279840836916332,
          "improvement_pct_points": -9.72346174998083,
          "relative_improvement_pct": -624.7489337013802
        },
        "median_pct_error": {
          "reference": 0.812799823665583,
          "candidate": 1.0775064909898178,
          "improvement_pct_points": -0.26470666732423476,
          "relative_improvement_pct": -32.567264364115466
        },
        "max_pct_error": {
          "reference": 14.713291940947315,
          "candidate": 99.94160943165572,
          "improvement_pct_points": -85.2283174907084,
          "relative_improvement_pct": -579.2606972849951
        }
      }
    },
    {
      "artifact_name": "probe3_l9_diag_bfly_flip_d8",
      "display_name": "gatewaydiag_l9_butterfly_flip_d8",
      "family": "gateway_diagonal_butterfly_tune",
      "hypothesis": "H2-tune",
      "rationale": "Longer-dwell flip-sign butterfly. This is the best-max landed point in the new branch.",
      "total_time_s": 1271.0,
      "metrics": {
        "overall": {
          "mean_pct_error": 11.393123370545569,
          "median_pct_error": 1.0931054635027482,
          "max_pct_error": 99.87407869101315
        },
        "key_param_errors": {
          "dKa_yy": 90.83173913284412,
          "dKg_zz": 28.14020365914185,
          "Ka2_y": 99.87407869101315,
          "Ka2_z": 2.9543178594436315,
          "dKg_xz": 1.3232186431281576,
          "dKa_xz": 0.37837471245322996
        }
      },
      "continuity_checks": [
        {
          "anchor_id": 9,
          "closure_rule": "exact_same_mechanism_state_before_resume",
          "state_before_insertion": {
            "beta_deg": -90,
            "outer_axis_body": [
              0,
              0,
              -1
            ],
            "outer_family": "z",
            "gravity_body": [
              -1.0,
              -2.220446049250313e-16,
              1.1102230246251565e-16
            ],
            "face_name": "-X",
            "C": [
              [
                -1.1102230246251565e-16,
                -7.395570986446986e-32,
                -1.0
              ],
              [
                2.220446049250313e-16,
                -1.0,
                4.930380657631324e-32
              ],
              [
                -1.0,
                -2.220446049250313e-16,
                1.1102230246251565e-16
              ]
            ]
          },
          "state_after_insertion": {
            "beta_deg": -90,
            "outer_axis_body": [
              0,
              0,
              -1
            ],
            "outer_family": "z",
            "gravity_body": [
              -1.0,
              -2.7476618026966064e-16,
              1.2116883882008518e-16
            ],
            "face_name": "-X",
            "C": [
              [
                -2.999268993270465e-16,
                -6.223285321735619e-19,
                -0.9999999999999994
              ],
              [
                2.517727085667297e-16,
                -1.0000000000000004,
                6.224578317002529e-17
              ],
              [
                -1.0,
                -2.7476618026966064e-16,
                1.2116883882008518e-16
              ]
            ]
          },
          "closure_ok": true,
          "next_base_action_preview": {
            "kind": "outer",
            "motor_angle_deg": 90,
            "effective_body_axis": [
              0,
              0,
              -1
            ],
            "outer_mode": "z",
            "state_before": {
              "beta_deg": -90,
              "outer_axis_body": [
                0,
                0,
                -1
              ],
              "outer_family": "z",
              "gravity_body": [
                -1.0,
                -2.7476618026966064e-16,
                1.2116883882008518e-16
              ],
              "face_name": "-X",
              "C": [
                [
                  -2.999268993270465e-16,
                  -6.223285321735619e-19,
                  -0.9999999999999994
                ],
                [
                  2.517727085667297e-16,
                  -1.0000000000000004,
                  6.224578317002529e-17
                ],
                [
                  -1.0,
                  -2.7476618026966064e-16,
                  1.2116883882008518e-16
                ]
              ]
            },
            "state_after": {
              "beta_deg": -90,
              "outer_axis_body": [
                0,
                0,
                -1
              ],
              "outer_family": "z",
              "gravity_body": [
                1.6374387780714498e-16,
                -1.0,
                1.2116883882008518e-16
              ],
              "face_name": "-Y",
              "C": [
                [
                  6.223285321735286e-19,
                  -2.999268993270465e-16,
                  -0.9999999999999994
                ],
                [
                  1.0000000000000004,
                  1.4075040610421401e-16,
                  6.224578317002529e-17
                ],
                [
                  1.6374387780714498e-16,
                  -1.0,
                  1.2116883882008518e-16
                ]
              ]
            },
            "face_after": [
              0,
              0,
              -1
            ]
          }
        }
      ],
      "run_json": "/root/.openclaw/workspace/psins_method_bench/results/M_markov_42state_gm1_ch3closedloop_probe3_l9_diag_bfly_flip_d8_shared_noise0p08_param_errors.json",
      "status": "reused_verified",
      "delta_vs_faithful": {
        "mean_pct_error": {
          "reference": 15.290300274032441,
          "candidate": 11.393123370545569,
          "improvement_pct_points": 3.897176903486873,
          "relative_improvement_pct": 25.4879030080623
        },
        "median_pct_error": {
          "reference": 1.483362834112179,
          "candidate": 1.0931054635027482,
          "improvement_pct_points": 0.3902573706094308,
          "relative_improvement_pct": 26.308962422063598
        },
        "max_pct_error": {
          "reference": 122.58269656383278,
          "candidate": 99.87407869101315,
          "improvement_pct_points": 22.70861787281963,
          "relative_improvement_pct": 18.525141401987774
        }
      },
      "delta_vs_current_unified": {
        "mean_pct_error": {
          "reference": 9.922637196934726,
          "candidate": 11.393123370545569,
          "improvement_pct_points": -1.4704861736108423,
          "relative_improvement_pct": -14.819509616506998
        },
        "median_pct_error": {
          "reference": 1.0256631258803282,
          "candidate": 1.0931054635027482,
          "improvement_pct_points": -0.06744233762242002,
          "relative_improvement_pct": -6.5754862313621905
        },
        "max_pct_error": {
          "reference": 99.63308567370115,
          "candidate": 99.87407869101315,
          "improvement_pct_points": -0.2409930173120074,
          "relative_improvement_pct": -0.24188051156145132
        }
      },
      "delta_vs_old_best": {
        "mean_pct_error": {
          "reference": 11.014162810085333,
          "candidate": 11.393123370545569,
          "improvement_pct_points": -0.37896056046023574,
          "relative_improvement_pct": -3.4406660496541153
        },
        "median_pct_error": {
          "reference": 1.0603379306680452,
          "candidate": 1.0931054635027482,
          "improvement_pct_points": -0.03276753283470302,
          "relative_improvement_pct": -3.090291489813863
        },
        "max_pct_error": {
          "reference": 99.92214937787182,
          "candidate": 99.87407869101315,
          "improvement_pct_points": 0.04807068685866511,
          "relative_improvement_pct": 0.048108139344439055
        }
      },
      "delta_vs_default18": {
        "mean_pct_error": {
          "reference": 1.5563790869355025,
          "candidate": 11.393123370545569,
          "improvement_pct_points": -9.836744283610066,
          "relative_improvement_pct": -632.0275289086885
        },
        "median_pct_error": {
          "reference": 0.812799823665583,
          "candidate": 1.0931054635027482,
          "improvement_pct_points": -0.28030563983716517,
          "relative_improvement_pct": -34.4864297057837
        },
        "max_pct_error": {
          "reference": 14.713291940947315,
          "candidate": 99.87407869101315,
          "improvement_pct_points": -85.16078675006584,
          "relative_improvement_pct": -578.8017195054906
        }
      }
    },
    {
      "artifact_name": "probe2_l9_diag_butterfly_same",
      "display_name": "gatewaydiag_l9_butterfly_same_d6",
      "family": "gateway_diagonal_butterfly",
      "hypothesis": "H2",
      "rationale": "Within the same anchor9 gateway, visit both legal diagonal outer axes before returning. This tests whether the missing structure is not a single diagonal, but a two-diagonal butterfly that couples the late block more completely.",
      "total_time_s": 1263.0,
      "metrics": {
        "overall": {
          "mean_pct_error": 11.785386864260651,
          "median_pct_error": 1.2127800994271065,
          "max_pct_error": 99.94944264158522
        },
        "key_param_errors": {
          "dKa_yy": 85.24446475191372,
          "dKg_zz": 32.43027136911215,
          "Ka2_y": 99.94944264158522,
          "Ka2_z": 4.98799154202589,
          "dKg_xz": 1.2836571645531143,
          "dKa_xz": 0.7240160362323506
        }
      },
      "continuity_checks": [
        {
          "anchor_id": 9,
          "closure_rule": "exact_same_mechanism_state_before_resume",
          "state_before_insertion": {
            "beta_deg": -90,
            "outer_axis_body": [
              0,
              0,
              -1
            ],
            "outer_family": "z",
            "gravity_body": [
              -1.0,
              -2.220446049250313e-16,
              1.1102230246251565e-16
            ],
            "face_name": "-X",
            "C": [
              [
                -1.1102230246251565e-16,
                -7.395570986446986e-32,
                -1.0
              ],
              [
                2.220446049250313e-16,
                -1.0,
                4.930380657631324e-32
              ],
              [
                -1.0,
                -2.220446049250313e-16,
                1.1102230246251565e-16
              ]
            ]
          },
          "state_after_insertion": {
            "beta_deg": -90,
            "outer_axis_body": [
              0,
              0,
              -1
            ],
            "outer_family": "z",
            "gravity_body": [
              -1.0,
              -3.5327080320384943e-16,
              1.2116883882008518e-16
            ],
            "face_name": "-X",
            "C": [
              [
                -2.999268993270465e-16,
                6.223285321735619e-19,
                -0.9999999999999994
              ],
              [
                2.1925502903840278e-16,
                -1.0000000000000004,
                9.476346269835224e-17
              ],
              [
                -1.0,
                -3.5327080320384943e-16,
                1.2116883882008518e-16
              ]
            ]
          },
          "closure_ok": true,
          "next_base_action_preview": {
            "kind": "outer",
            "motor_angle_deg": 90,
            "effective_body_axis": [
              0,
              0,
              -1
            ],
            "outer_mode": "z",
            "state_before": {
              "beta_deg": -90,
              "outer_axis_body": [
                0,
                0,
                -1
              ],
              "outer_family": "z",
              "gravity_body": [
                -1.0,
                -3.5327080320384943e-16,
                1.2116883882008518e-16
              ],
              "face_name": "-X",
              "C": [
                [
                  -2.999268993270465e-16,
                  6.223285321735619e-19,
                  -0.9999999999999994
                ],
                [
                  2.1925502903840278e-16,
                  -1.0000000000000004,
                  9.476346269835224e-17
                ],
                [
                  -1.0,
                  -3.5327080320384943e-16,
                  1.2116883882008518e-16
                ]
              ]
            },
            "state_after": {
              "beta_deg": -90,
              "outer_axis_body": [
                0,
                0,
                -1
              ],
              "outer_family": "z",
              "gravity_body": [
                2.422485007413338e-16,
                -1.0,
                1.2116883882008518e-16
              ],
              "face_name": "-Y",
              "C": [
                [
                  -6.223285321735952e-19,
                  -2.999268993270465e-16,
                  -0.9999999999999994
                ],
                [
                  1.0000000000000004,
                  1.0823272657588708e-16,
                  9.476346269835224e-17
                ],
                [
                  2.422485007413338e-16,
                  -1.0,
                  1.2116883882008518e-16
                ]
              ]
            },
            "face_after": [
              0,
              0,
              -1
            ]
          }
        }
      ],
      "run_json": "/root/.openclaw/workspace/psins_method_bench/results/M_markov_42state_gm1_ch3closedloop_probe2_l9_diag_butterfly_same_shared_noise0p08_param_errors.json",
      "status": "reused_verified",
      "delta_vs_faithful": {
        "mean_pct_error": {
          "reference": 15.290300274032441,
          "candidate": 11.785386864260651,
          "improvement_pct_points": 3.50491340977179,
          "relative_improvement_pct": 22.92246291411421
        },
        "median_pct_error": {
          "reference": 1.483362834112179,
          "candidate": 1.2127800994271065,
          "improvement_pct_points": 0.27058273468507243,
          "relative_improvement_pct": 18.24116989199216
        },
        "max_pct_error": {
          "reference": 122.58269656383278,
          "candidate": 99.94944264158522,
          "improvement_pct_points": 22.63325392224756,
          "relative_improvement_pct": 18.463661313292853
        }
      },
      "delta_vs_current_unified": {
        "mean_pct_error": {
          "reference": 9.922637196934726,
          "candidate": 11.785386864260651,
          "improvement_pct_points": -1.8627496673259252,
          "relative_improvement_pct": -18.772727757307912
        },
        "median_pct_error": {
          "reference": 1.0256631258803282,
          "candidate": 1.2127800994271065,
          "improvement_pct_points": -0.18711697354677836,
          "relative_improvement_pct": -18.243511814483494
        },
        "max_pct_error": {
          "reference": 99.63308567370115,
          "candidate": 99.94944264158522,
          "improvement_pct_points": -0.31635696788407586,
          "relative_improvement_pct": -0.31752200159708643
        }
      },
      "delta_vs_old_best": {
        "mean_pct_error": {
          "reference": 11.014162810085333,
          "candidate": 11.785386864260651,
          "improvement_pct_points": -0.7712240541753186,
          "relative_improvement_pct": -7.002112348195292
        },
        "median_pct_error": {
          "reference": 1.0603379306680452,
          "candidate": 1.2127800994271065,
          "improvement_pct_points": -0.15244216875906136,
          "relative_improvement_pct": -14.37675333023484
        },
        "max_pct_error": {
          "reference": 99.92214937787182,
          "candidate": 99.94944264158522,
          "improvement_pct_points": -0.02729326371340335,
          "relative_improvement_pct": -0.027314528243572347
        }
      },
      "delta_vs_default18": {
        "mean_pct_error": {
          "reference": 1.5563790869355025,
          "candidate": 11.785386864260651,
          "improvement_pct_points": -10.22900777732515,
          "relative_improvement_pct": -657.2311246783701
        },
        "median_pct_error": {
          "reference": 0.812799823665583,
          "candidate": 1.2127800994271065,
          "improvement_pct_points": -0.3999802757615235,
          "relative_improvement_pct": -49.210182398623495
        },
        "max_pct_error": {
          "reference": 14.713291940947315,
          "candidate": 99.94944264158522,
          "improvement_pct_points": -85.23615070063791,
          "relative_improvement_pct": -579.3139362879384
        }
      }
    },
    {
      "artifact_name": "probe2_l9_diag_butterfly_flip",
      "display_name": "gatewaydiag_l9_butterfly_flip_d6",
      "family": "gateway_diagonal_butterfly",
      "hypothesis": "H2",
      "rationale": "Same butterfly idea, but flip the second diagonal sweep sign. This distinguishes “visit both diagonals” from a stricter “same signed sweep on both diagonals” story.",
      "total_time_s": 1263.0,
      "metrics": {
        "overall": {
          "mean_pct_error": 11.98102168141319,
          "median_pct_error": 1.4633308492416635,
          "max_pct_error": 99.88540070212439
        },
        "key_param_errors": {
          "dKa_yy": 91.20551053001007,
          "dKg_zz": 32.08316347261216,
          "Ka2_y": 99.88540070212439,
          "Ka2_z": 4.753270274077426,
          "dKg_xz": 1.7046843834047396,
          "dKa_xz": 0.8572429703842872
        }
      },
      "continuity_checks": [
        {
          "anchor_id": 9,
          "closure_rule": "exact_same_mechanism_state_before_resume",
          "state_before_insertion": {
            "beta_deg": -90,
            "outer_axis_body": [
              0,
              0,
              -1
            ],
            "outer_family": "z",
            "gravity_body": [
              -1.0,
              -2.220446049250313e-16,
              1.1102230246251565e-16
            ],
            "face_name": "-X",
            "C": [
              [
                -1.1102230246251565e-16,
                -7.395570986446986e-32,
                -1.0
              ],
              [
                2.220446049250313e-16,
                -1.0,
                4.930380657631324e-32
              ],
              [
                -1.0,
                -2.220446049250313e-16,
                1.1102230246251565e-16
              ]
            ]
          },
          "state_after_insertion": {
            "beta_deg": -90,
            "outer_axis_body": [
              0,
              0,
              -1
            ],
            "outer_family": "z",
            "gravity_body": [
              -1.0,
              -2.7476618026966064e-16,
              1.2116883882008518e-16
            ],
            "face_name": "-X",
            "C": [
              [
                -2.999268993270465e-16,
                -6.223285321735619e-19,
                -0.9999999999999994
              ],
              [
                2.517727085667297e-16,
                -1.0000000000000004,
                6.224578317002529e-17
              ],
              [
                -1.0,
                -2.7476618026966064e-16,
                1.2116883882008518e-16
              ]
            ]
          },
          "closure_ok": true,
          "next_base_action_preview": {
            "kind": "outer",
            "motor_angle_deg": 90,
            "effective_body_axis": [
              0,
              0,
              -1
            ],
            "outer_mode": "z",
            "state_before": {
              "beta_deg": -90,
              "outer_axis_body": [
                0,
                0,
                -1
              ],
              "outer_family": "z",
              "gravity_body": [
                -1.0,
                -2.7476618026966064e-16,
                1.2116883882008518e-16
              ],
              "face_name": "-X",
              "C": [
                [
                  -2.999268993270465e-16,
                  -6.223285321735619e-19,
                  -0.9999999999999994
                ],
                [
                  2.517727085667297e-16,
                  -1.0000000000000004,
                  6.224578317002529e-17
                ],
                [
                  -1.0,
                  -2.7476618026966064e-16,
                  1.2116883882008518e-16
                ]
              ]
            },
            "state_after": {
              "beta_deg": -90,
              "outer_axis_body": [
                0,
                0,
                -1
              ],
              "outer_family": "z",
              "gravity_body": [
                1.6374387780714498e-16,
                -1.0,
                1.2116883882008518e-16
              ],
              "face_name": "-Y",
              "C": [
                [
                  6.223285321735286e-19,
                  -2.999268993270465e-16,
                  -0.9999999999999994
                ],
                [
                  1.0000000000000004,
                  1.4075040610421401e-16,
                  6.224578317002529e-17
                ],
                [
                  1.6374387780714498e-16,
                  -1.0,
                  1.2116883882008518e-16
                ]
              ]
            },
            "face_after": [
              0,
              0,
              -1
            ]
          }
        }
      ],
      "run_json": "/root/.openclaw/workspace/psins_method_bench/results/M_markov_42state_gm1_ch3closedloop_probe2_l9_diag_butterfly_flip_shared_noise0p08_param_errors.json",
      "status": "reused_verified",
      "delta_vs_faithful": {
        "mean_pct_error": {
          "reference": 15.290300274032441,
          "candidate": 11.98102168141319,
          "improvement_pct_points": 3.3092785926192523,
