{
  "experiment": "ch3_newfamily_entry_boundary",
  "report_date": "2026-04-01",
  "noise_scale": 0.08,
  "status": "completed fresh-family discovery batch after relay pivot",
  "hypotheses_tested": [
    {
      "family": "entry_x_bookend",
      "summary": "Put a small x-family closed pair at anchor8, i.e. the last native x-family anchor right before the late beta switch, while keeping the anchor11 late block fixed. This is a genuinely different entry-boundary family rather than more late10/11 dose tuning."
    },
    {
      "family": "entry_y_gateway",
      "summary": "Use a small y closed pair at anchor8 to alter entry observability phase before anchor9. This attacks the weak-block boundary condition, not the already-tested relay / late11 basin."
    },
    {
      "family": "entry_x_softlate_transfer",
      "summary": "Check whether the discovered entry-x family transfers when the late11 tail is swapped from the max-oriented y8x0 core to the softer y10x0back2 core."
    }
  ],
  "references": {
    "relay_winner": {
      "candidate_name": "relay_y9_z10_x11_y9x0",
      "markov42": {
        "overall": {
          "mean_pct_error": 10.041697666363424,
          "median_pct_error": 0.7430359628701022,
          "max_pct_error": 99.75993465087369
        },
        "key_param_errors": {
          "dKa_yy": 79.17906084168168,
          "dKg_zz": 33.59376071472193,
          "Ka2_y": 99.75993465087369,
          "Ka2_z": 0.24344937520384674,
          "dKg_xz": 0.1944868579066337,
          "dKa_xz": 0.7425610528702924
        }
      }
    },
    "unified_winner": {
      "candidate_name": "twoanchor_l10_zpair_neg5_then_ypair_neg1_plus_l11_y10x0back2",
      "markov42": {
        "overall": {
          "mean_pct_error": 9.922637196934726,
          "median_pct_error": 1.0256631258803282,
          "max_pct_error": 99.63308567370115
        },
        "key_param_errors": {
          "dKa_yy": 82.60930965112222,
          "dKg_zz": 59.01728589983005,
          "Ka2_y": 99.63308567370115,
          "Ka2_z": 0.8419410516265626,
          "dKg_xz": 0.030207268369070252,
          "dKa_xz": 0.5877972014887517
        }
      },
      "kf36": {
        "overall": {
          "mean_pct_error": 9.92334744136203,
          "median_pct_error": 1.025156020576718,
          "max_pct_error": 99.63308003208641
        },
        "key_param_errors": {
          "dKa_yy": 82.60954698016752,
          "dKg_zz": 59.02037242790023,
          "Ka2_y": 99.63308003208641,
          "Ka2_z": 0.8407056601679301,
          "dKg_xz": 0.03051643729167634,
          "dKa_xz": 0.5882365694939456
        }
      }
    },
    "old_best_legal": {
      "candidate_name": "legal_flip_8_11_12_retime_flipnodes_pre20_post70",
      "markov42": {
        "overall": {
          "mean_pct_error": 11.014162810085333,
          "median_pct_error": 1.0603379306680452,
          "max_pct_error": 99.92214937787182
        },
        "key_param_errors": {
          "dKa_yy": 84.77132397757674,
          "dKg_zz": 76.46895197802066,
          "Ka2_y": 99.92214937787182,
          "Ka2_z": 3.8821190036200264,
          "dKg_xz": 0.43475000616637505,
          "dKa_xz": 0.14567951573398194
        }
      },
      "kf36": {
        "overall": {
          "mean_pct_error": 11.014092121257267,
          "median_pct_error": 1.0602406508286844,
          "max_pct_error": 99.92213961977083
        },
        "key_param_errors": {
          "dKa_yy": 84.76480779442812,
          "dKg_zz": 76.46961291525153,
          "Ka2_y": 99.92213961977083,
          "Ka2_z": 3.8809407722658174,
          "dKg_xz": 0.4344164417122317,
          "dKa_xz": 0.14535565627381575
        }
      }
    },
    "default18": {
      "candidate_name": "default18",
      "markov42": {
        "overall": {
          "mean_pct_error": 1.5563790869355025,
          "median_pct_error": 0.812799823665583,
          "max_pct_error": 14.713291940947315
        },
        "key_param_errors": {
          "dKa_yy": 0.9477898404987541,
          "dKg_zz": 0.851304114610006,
          "Ka2_y": 1.9994816607900874,
          "Ka2_z": 1.2883358751632203,
          "dKg_xz": 0.3510978642553199,
          "dKa_xz": 0.3274679937728792
        }
      },
      "kf36": {
        "overall": {
          "mean_pct_error": 1.5564871665384443,
          "median_pct_error": 0.8131877611261733,
          "max_pct_error": 14.711353452042115
        },
        "key_param_errors": {
          "dKa_yy": 0.9476606704907313,
          "dKg_zz": 0.8522121112508451,
          "Ka2_y": 2.0007501033211734,
          "Ka2_z": 1.2888876792064823,
          "dKg_xz": 0.35109847596388216,
          "dKa_xz": 0.3275370623000178
        }
      }
    }
  },
  "markov42_rows": [
    {
      "candidate_name": "entryx_l8_xpair_pos4_plus_l11_y8x0",
      "family": "entry_x_bookend",
      "hypothesis": "If entry-side x conditioning is real, a slightly stronger anchor8 positive x-pair may push max lower than the lighter entry-x variant before local saturation appears.",
      "rationale": "Increase only anchor8 x-bookend dwell while keeping the same late11 low-max core, to test whether the new family has a real max-oriented gradient.",
      "total_time_s": 1294.0,
      "metrics": {
        "overall": {
          "mean_pct_error": 11.196679003422249,
          "median_pct_error": 1.3131221905424324,
          "max_pct_error": 99.52969470571006
        },
        "key_param_errors": {
          "dKa_yy": 89.65654673167482,
          "dKg_zz": 63.70902830848822,
          "Ka2_y": 99.52969470571006,
          "Ka2_z": 2.258345391479834,
          "dKg_xz": 0.38229736059898,
          "dKa_xz": 0.3059228133166325
        }
      },
      "continuity_checks": [
        {
          "anchor_id": 8,
          "closure_rule": "exact_same_mechanism_state_before_resume",
          "state_before_insertion": {
            "beta_deg": 0,
            "outer_axis_body": [
              1,
              0,
              0
            ],
            "outer_family": "x",
            "gravity_body": [
              -2.220446049250313e-16,
              -2.220446049250313e-16,
              -1.0
            ],
            "face_name": "-Z",
            "C": [
              [
                1.0,
                -7.395570986446986e-32,
                -2.220446049250313e-16
              ],
              [
                -2.465190328815662e-32,
                -1.0,
                2.220446049250313e-16
              ],
              [
                -2.220446049250313e-16,
                -2.220446049250313e-16,
                -1.0
              ]
            ]
          },
          "state_after_insertion": {
            "beta_deg": 0,
            "outer_axis_body": [
              1,
              0,
              0
            ],
            "outer_family": "x",
            "gravity_body": [
              -2.220446049250313e-16,
              -2.220446049250313e-16,
              -1.0
            ],
            "face_name": "-Z",
            "C": [
              [
                1.0,
                -7.395570986446986e-32,
                -2.220446049250313e-16
              ],
              [
                -2.465190328815662e-32,
                -1.0,
                2.220446049250313e-16
              ],
              [
                -2.220446049250313e-16,
                -2.220446049250313e-16,
                -1.0
              ]
            ]
          },
          "closure_ok": true,
          "next_base_action_preview": {
            "kind": "inner",
            "motor_angle_deg": -90,
            "effective_body_axis": [
              0,
              1,
              0
            ],
            "outer_mode": null,
            "state_before": {
              "beta_deg": 0,
              "outer_axis_body": [
                1,
                0,
                0
              ],
              "outer_family": "x",
              "gravity_body": [
                -2.220446049250313e-16,
                -2.220446049250313e-16,
                -1.0
              ],
              "face_name": "-Z",
              "C": [
                [
                  1.0,
                  -7.395570986446986e-32,
                  -2.220446049250313e-16
                ],
                [
                  -2.465190328815662e-32,
                  -1.0,
                  2.220446049250313e-16
                ],
                [
                  -2.220446049250313e-16,
                  -2.220446049250313e-16,
                  -1.0
                ]
              ]
            },
            "state_after": {
              "beta_deg": -90,
              "outer_axis_body": [
                0,
                0,
                -1
              ],
              "outer_family": "z",
              "gravity_body": [
                -1.0,
                -2.220446049250313e-16,
                1.1102230246251565e-16
              ],
              "face_name": "-X",
              "C": [
                [
                  -1.1102230246251565e-16,
                  -7.395570986446986e-32,
                  -1.0
                ],
                [
                  2.220446049250313e-16,
                  -1.0,
                  4.930380657631324e-32
                ],
                [
                  -1.0,
                  -2.220446049250313e-16,
                  1.1102230246251565e-16
                ]
              ]
            },
            "face_after": [
              0,
              1,
              0
            ]
          }
        },
        {
          "anchor_id": 11,
          "closure_rule": "exact_same_mechanism_state_before_resume",
          "state_before_insertion": {
            "beta_deg": -90,
            "outer_axis_body": [
              0,
              0,
              -1
            ],
            "outer_family": "z",
            "gravity_body": [
              1.0,
              0.0,
              1.1102230246251565e-16
            ],
            "face_name": "+X",
            "C": [
              [
                1.1102230246251565e-16,
                4.930380657631324e-32,
                -1.0
              ],
              [
                0.0,
                1.0,
                4.930380657631324e-32
              ],
              [
                1.0,
                0.0,
                1.1102230246251565e-16
              ]
            ]
          },
          "state_after_insertion": {
            "beta_deg": -90,
            "outer_axis_body": [
              0,
              0,
              -1
            ],
            "outer_family": "z",
            "gravity_body": [
              1.0,
              -4.440892098500626e-16,
              1.1102230246251565e-16
            ],
            "face_name": "+X",
            "C": [
              [
                1.1102230246251565e-16,
                0.0,
                -1.0
              ],
              [
                4.440892098500626e-16,
                1.0,
                4.930380657631324e-32
              ],
              [
                1.0,
                -4.440892098500626e-16,
                1.1102230246251565e-16
              ]
            ]
          },
          "closure_ok": true,
          "next_base_action_preview": {
            "kind": "inner",
            "motor_angle_deg": 90,
            "effective_body_axis": [
              0,
              1,
              0
            ],
            "outer_mode": null,
            "state_before": {
              "beta_deg": -90,
              "outer_axis_body": [
                0,
                0,
                -1
              ],
              "outer_family": "z",
              "gravity_body": [
                1.0,
                -4.440892098500626e-16,
                1.1102230246251565e-16
              ],
              "face_name": "+X",
              "C": [
                [
                  1.1102230246251565e-16,
                  0.0,
                  -1.0
                ],
                [
                  4.440892098500626e-16,
                  1.0,
                  4.930380657631324e-32
                ],
                [
                  1.0,
                  -4.440892098500626e-16,
                  1.1102230246251565e-16
                ]
              ]
            },
            "state_after": {
              "beta_deg": 0,
              "outer_axis_body": [
                1,
                0,
                0
              ],
              "outer_family": "x",
              "gravity_body": [
                0.0,
                -4.440892098500626e-16,
                1.0
              ],
              "face_name": "+Z",
              "C": [
                [
                  1.0,
                  0.0,
                  0.0
                ],
                [
                  0.0,
                  1.0,
                  4.440892098500626e-16
                ],
                [
                  0.0,
                  -4.440892098500626e-16,
                  1.0
                ]
              ]
            },
            "face_after": [
              0,
              1,
              0
            ]
          }
        }
      ],
      "run_json": "/root/.openclaw/workspace/psins_method_bench/results/M_markov_42state_gm1_ch3closedloop_entryx_l8_xpair_pos4_plus_l11_y8x0_shared_noise0p08_param_errors.json",
      "status": "reused_verified",
      "delta_vs_relay_winner": {
        "mean_pct_error": {
          "reference": 10.041697666363424,
          "candidate": 11.196679003422249,
          "improvement_pct_points": -1.1549813370588247
        },
        "median_pct_error": {
          "reference": 0.7430359628701022,
          "candidate": 1.3131221905424324,
          "improvement_pct_points": -0.5700862276723302
        },
        "max_pct_error": {
          "reference": 99.75993465087369,
          "candidate": 99.52969470571006,
          "improvement_pct_points": 0.2302399451636319
        }
      },
      "delta_vs_unified_winner": {
        "mean_pct_error": {
          "reference": 9.922637196934726,
          "candidate": 11.196679003422249,
          "improvement_pct_points": -1.2740418064875225
        },
        "median_pct_error": {
          "reference": 1.0256631258803282,
          "candidate": 1.3131221905424324,
          "improvement_pct_points": -0.28745906466210425
        },
        "max_pct_error": {
          "reference": 99.63308567370115,
          "candidate": 99.52969470571006,
          "improvement_pct_points": 0.10339096799108916
        }
      },
      "delta_vs_old_best": {
        "mean_pct_error": {
          "reference": 11.014162810085333,
          "candidate": 11.196679003422249,
          "improvement_pct_points": -0.18251619333691593
        },
        "median_pct_error": {
          "reference": 1.0603379306680452,
          "candidate": 1.3131221905424324,
          "improvement_pct_points": -0.25278425987438724
        },
        "max_pct_error": {
          "reference": 99.92214937787182,
          "candidate": 99.52969470571006,
          "improvement_pct_points": 0.39245467216176166
        }
      },
      "delta_vs_default18": {
        "mean_pct_error": {
          "reference": 1.5563790869355025,
          "candidate": 11.196679003422249,
          "improvement_pct_points": -9.640299916486747
        },
        "median_pct_error": {
          "reference": 0.812799823665583,
          "candidate": 1.3131221905424324,
          "improvement_pct_points": -0.5003223668768494
        },
        "max_pct_error": {
          "reference": 14.713291940947315,
          "candidate": 99.52969470571006,
          "improvement_pct_points": -84.81640276476274
        }
      }
    },
    {
      "candidate_name": "entryx_l8_xpair_pos2_plus_l11_y8x0",
      "family": "entry_x_bookend",
      "hypothesis": "A tiny x-family bookend at anchor8 may condition the late weak block at the entry boundary, lowering Ka2_y without reopening the saturated anchor9/10 relay basin.",
      "rationale": "Use the last native x-family anchor before the late beta switch. Keep the late11 low-max core fixed and test whether a small +X closed pair at anchor8 can reduce the ceiling as an entry conditioner.",
      "total_time_s": 1290.0,
      "metrics": {
        "overall": {
          "mean_pct_error": 11.160427011596514,
          "median_pct_error": 1.3457304863715227,
          "max_pct_error": 99.53636647998302
        },
        "key_param_errors": {
          "dKa_yy": 89.8125797615047,
          "dKg_zz": 65.46830604753377,
          "Ka2_y": 99.53636647998302,
          "Ka2_z": 2.68852513174406,
          "dKg_xz": 0.6601429103200591,
          "dKa_xz": 0.13519603790979193
        }
      },
      "continuity_checks": [
        {
          "anchor_id": 8,
          "closure_rule": "exact_same_mechanism_state_before_resume",
          "state_before_insertion": {
            "beta_deg": 0,
            "outer_axis_body": [
              1,
              0,
              0
            ],
            "outer_family": "x",
            "gravity_body": [
              -2.220446049250313e-16,
              -2.220446049250313e-16,
              -1.0
            ],
            "face_name": "-Z",
            "C": [
              [
                1.0,
                -7.395570986446986e-32,
                -2.220446049250313e-16
              ],
              [
                -2.465190328815662e-32,
                -1.0,
                2.220446049250313e-16
              ],
              [
                -2.220446049250313e-16,
                -2.220446049250313e-16,
                -1.0
              ]
            ]
          },
          "state_after_insertion": {
            "beta_deg": 0,
            "outer_axis_body": [
              1,
              0,
              0
            ],
            "outer_family": "x",
            "gravity_body": [
              -2.220446049250313e-16,
              -2.220446049250313e-16,
              -1.0
            ],
            "face_name": "-Z",
            "C": [
              [
                1.0,
                -7.395570986446986e-32,
                -2.220446049250313e-16
              ],
              [
                -2.465190328815662e-32,
                -1.0,
                2.220446049250313e-16
              ],
              [
                -2.220446049250313e-16,
                -2.220446049250313e-16,
                -1.0
              ]
            ]
          },
          "closure_ok": true,
          "next_base_action_preview": {
            "kind": "inner",
            "motor_angle_deg": -90,
            "effective_body_axis": [
              0,
              1,
              0
            ],
            "outer_mode": null,
            "state_before": {
              "beta_deg": 0,
              "outer_axis_body": [
                1,
                0,
                0
              ],
              "outer_family": "x",
              "gravity_body": [
                -2.220446049250313e-16,
                -2.220446049250313e-16,
                -1.0
              ],
              "face_name": "-Z",
              "C": [
                [
                  1.0,
                  -7.395570986446986e-32,
                  -2.220446049250313e-16
                ],
                [
                  -2.465190328815662e-32,
                  -1.0,
                  2.220446049250313e-16
                ],
                [
                  -2.220446049250313e-16,
                  -2.220446049250313e-16,
                  -1.0
                ]
              ]
            },
            "state_after": {
              "beta_deg": -90,
              "outer_axis_body": [
                0,
                0,
                -1
              ],
              "outer_family": "z",
              "gravity_body": [
                -1.0,
                -2.220446049250313e-16,
                1.1102230246251565e-16
              ],
              "face_name": "-X",
              "C": [
                [
                  -1.1102230246251565e-16,
                  -7.395570986446986e-32,
                  -1.0
                ],
                [
                  2.220446049250313e-16,
                  -1.0,
                  4.930380657631324e-32
                ],
                [
                  -1.0,
                  -2.220446049250313e-16,
                  1.1102230246251565e-16
                ]
              ]
            },
            "face_after": [
              0,
              1,
              0
            ]
          }
        },
        {
          "anchor_id": 11,
          "closure_rule": "exact_same_mechanism_state_before_resume",
          "state_before_insertion": {
            "beta_deg": -90,
            "outer_axis_body": [
              0,
              0,
              -1
            ],
            "outer_family": "z",
            "gravity_body": [
              1.0,
              0.0,
              1.1102230246251565e-16
            ],
            "face_name": "+X",
            "C": [
              [
                1.1102230246251565e-16,
                4.930380657631324e-32,
                -1.0
              ],
              [
                0.0,
                1.0,
                4.930380657631324e-32
              ],
              [
                1.0,
                0.0,
                1.1102230246251565e-16
              ]
            ]
          },
          "state_after_insertion": {
            "beta_deg": -90,
            "outer_axis_body": [
              0,
              0,
              -1
            ],
            "outer_family": "z",
            "gravity_body": [
              1.0,
              -4.440892098500626e-16,
              1.1102230246251565e-16
            ],
            "face_name": "+X",
            "C": [
              [
                1.1102230246251565e-16,
                0.0,
                -1.0
              ],
              [
                4.440892098500626e-16,
                1.0,
                4.930380657631324e-32
              ],
              [
                1.0,
                -4.440892098500626e-16,
                1.1102230246251565e-16
              ]
            ]
          },
          "closure_ok": true,
          "next_base_action_preview": {
            "kind": "inner",
            "motor_angle_deg": 90,
            "effective_body_axis": [
              0,
              1,
              0
            ],
            "outer_mode": null,
            "state_before": {
              "beta_deg": -90,
              "outer_axis_body": [
                0,
                0,
                -1
              ],
              "outer_family": "z",
              "gravity_body": [
                1.0,
                -4.440892098500626e-16,
                1.1102230246251565e-16
              ],
              "face_name": "+X",
              "C": [
                [
                  1.1102230246251565e-16,
                  0.0,
                  -1.0
                ],
                [
                  4.440892098500626e-16,
                  1.0,
                  4.930380657631324e-32
                ],
                [
                  1.0,
                  -4.440892098500626e-16,
                  1.1102230246251565e-16
                ]
              ]
            },
            "state_after": {
              "beta_deg": 0,
              "outer_axis_body": [
                1,
                0,
                0
              ],
              "outer_family": "x",
              "gravity_body": [
                0.0,
                -4.440892098500626e-16,
                1.0
              ],
              "face_name": "+Z",
              "C": [
                [
                  1.0,
                  0.0,
                  0.0
                ],
                [
                  0.0,
                  1.0,
                  4.440892098500626e-16
                ],
                [
                  0.0,
                  -4.440892098500626e-16,
                  1.0
                ]
              ]
            },
            "face_after": [
              0,
              1,
              0
            ]
          }
        }
      ],
      "run_json": "/root/.openclaw/workspace/psins_method_bench/results/M_markov_42state_gm1_ch3closedloop_entryx_l8_xpair_pos2_plus_l11_y8x0_shared_noise0p08_param_errors.json",
      "status": "reused_verified",
      "delta_vs_relay_winner": {
        "mean_pct_error": {
          "reference": 10.041697666363424,
          "candidate": 11.160427011596514,
          "improvement_pct_points": -1.1187293452330902
        },
        "median_pct_error": {
          "reference": 0.7430359628701022,
          "candidate": 1.3457304863715227,
          "improvement_pct_points": -0.6026945235014205
        },
        "max_pct_error": {
          "reference": 99.75993465087369,
          "candidate": 99.53636647998302,
          "improvement_pct_points": 0.2235681708906725
        }
      },
      "delta_vs_unified_winner": {
        "mean_pct_error": {
          "reference": 9.922637196934726,
          "candidate": 11.160427011596514,
          "improvement_pct_points": -1.237789814661788
        },
        "median_pct_error": {
          "reference": 1.0256631258803282,
          "candidate": 1.3457304863715227,
          "improvement_pct_points": -0.32006736049119455
        },
        "max_pct_error": {
          "reference": 99.63308567370115,
          "candidate": 99.53636647998302,
          "improvement_pct_points": 0.09671919371812976
        }
      },
      "delta_vs_old_best": {
        "mean_pct_error": {
          "reference": 11.014162810085333,
          "candidate": 11.160427011596514,
          "improvement_pct_points": -0.14626420151118147
        },
        "median_pct_error": {
          "reference": 1.0603379306680452,
          "candidate": 1.3457304863715227,
          "improvement_pct_points": -0.28539255570347755
        },
        "max_pct_error": {
          "reference": 99.92214937787182,
          "candidate": 99.53636647998302,
          "improvement_pct_points": 0.38578289788880227
        }
      },
      "delta_vs_default18": {
        "mean_pct_error": {
          "reference": 1.5563790869355025,
          "candidate": 11.160427011596514,
          "improvement_pct_points": -9.604047924661012
        },
        "median_pct_error": {
          "reference": 0.812799823665583,
          "candidate": 1.3457304863715227,
          "improvement_pct_points": -0.5329306627059397
        },
        "max_pct_error": {
          "reference": 14.713291940947315,
          "candidate": 99.53636647998302,
          "improvement_pct_points": -84.8230745390357
        }
      }
    },
    {
      "candidate_name": "entryx_l8_xpair_pos2_plus_l11_y10x0back2",
      "family": "entry_x_softlate_transfer",
      "hypothesis": "If the new entry-x family is real, it should still help when the late11 tail is swapped from the max-oriented y8x0 core to the softer y10x0back2 core.",
      "rationale": "Hold anchor8 entry conditioning fixed but change the late11 tail to the softer resume-side branch. This checks whether the discovered family can transfer beyond a single late11 tail setting.",
      "total_time_s": 1296.0,
      "metrics": {
        "overall": {
          "mean_pct_error": 11.060072902056207,
          "median_pct_error": 1.336105945376016,
          "max_pct_error": 99.54425163042082
        },
        "key_param_errors": {
          "dKa_yy": 89.3016863517055,
          "dKg_zz": 60.52660190460137,
          "Ka2_y": 99.54425163042082,
          "Ka2_z": 2.154128591999378,
          "dKg_xz": 0.28467691768912,
          "dKa_xz": 0.35841137723859123
        }
      },
      "continuity_checks": [
        {
          "anchor_id": 8,
          "closure_rule": "exact_same_mechanism_state_before_resume",
          "state_before_insertion": {
            "beta_deg": 0,
            "outer_axis_body": [
              1,
              0,
              0
            ],
            "outer_family": "x",
            "gravity_body": [
              -2.220446049250313e-16,
              -2.220446049250313e-16,
              -1.0
            ],
            "face_name": "-Z",
            "C": [
              [
                1.0,
                -7.395570986446986e-32,
                -2.220446049250313e-16
              ],
              [
                -2.465190328815662e-32,
                -1.0,
                2.220446049250313e-16
              ],
              [
                -2.220446049250313e-16,
                -2.220446049250313e-16,
                -1.0
              ]
            ]
          },
          "state_after_insertion": {
            "beta_deg": 0,
            "outer_axis_body": [
              1,
              0,
              0
            ],
            "outer_family": "x",
            "gravity_body": [
              -2.220446049250313e-16,
              -2.220446049250313e-16,
              -1.0
            ],
            "face_name": "-Z",
            "C": [
              [
                1.0,
                -7.395570986446986e-32,
                -2.220446049250313e-16
              ],
              [
                -2.465190328815662e-32,
                -1.0,
                2.220446049250313e-16
              ],
              [
                -2.220446049250313e-16,
                -2.220446049250313e-16,
                -1.0
              ]
            ]
          },
          "closure_ok": true,
          "next_base_action_preview": {
            "kind": "inner",
            "motor_angle_deg": -90,
            "effective_body_axis": [
              0,
              1,
              0
            ],
            "outer_mode": null,
            "state_before": {
              "beta_deg": 0,
              "outer_axis_body": [
                1,
                0,
                0
              ],
              "outer_family": "x",
              "gravity_body": [
                -2.220446049250313e-16,
                -2.220446049250313e-16,
                -1.0
              ],
              "face_name": "-Z",
              "C": [
                [
                  1.0,
                  -7.395570986446986e-32,
                  -2.220446049250313e-16
                ],
                [
                  -2.465190328815662e-32,
                  -1.0,
                  2.220446049250313e-16
                ],
                [
                  -2.220446049250313e-16,
                  -2.220446049250313e-16,
                  -1.0
                ]
              ]
            },
            "state_after": {
              "beta_deg": -90,
              "outer_axis_body": [
                0,
                0,
                -1
              ],
              "outer_family": "z",
              "gravity_body": [
                -1.0,
                -2.220446049250313e-16,
                1.1102230246251565e-16
              ],
              "face_name": "-X",
              "C": [
                [
                  -1.1102230246251565e-16,
                  -7.395570986446986e-32,
                  -1.0
                ],
                [
                  2.220446049250313e-16,
                  -1.0,
                  4.930380657631324e-32
                ],
                [
                  -1.0,
                  -2.220446049250313e-16,
                  1.1102230246251565e-16
                ]
              ]
            },
            "face_after": [
              0,
              1,
              0
            ]
          }
        },
        {
          "anchor_id": 11,
          "closure_rule": "exact_same_mechanism_state_before_resume",
          "state_before_insertion": {
            "beta_deg": -90,
            "outer_axis_body": [
              0,
              0,
              -1
            ],
            "outer_family": "z",
            "gravity_body": [
              1.0,
              0.0,
              1.1102230246251565e-16
            ],
            "face_name": "+X",
            "C": [
              [
                1.1102230246251565e-16,
                4.930380657631324e-32,
                -1.0
              ],
              [
                0.0,
                1.0,
                4.930380657631324e-32
              ],
              [
                1.0,
                0.0,
                1.1102230246251565e-16
              ]
            ]
          },
          "state_after_insertion": {
            "beta_deg": -90,
            "outer_axis_body": [
              0,
              0,
              -1
            ],
            "outer_family": "z",
            "gravity_body": [
              1.0,
              -4.440892098500626e-16,
              1.1102230246251565e-16
            ],
            "face_name": "+X",
            "C": [
              [
                1.1102230246251565e-16,
                0.0,
                -1.0
              ],
              [
                4.440892098500626e-16,
                1.0,
                4.930380657631324e-32
              ],
              [
                1.0,
                -4.440892098500626e-16,
                1.1102230246251565e-16
              ]
            ]
          },
          "closure_ok": true,
          "next_base_action_preview": {
            "kind": "inner",
            "motor_angle_deg": 90,
            "effective_body_axis": [
              0,
              1,
              0
            ],
            "outer_mode": null,
            "state_before": {
              "beta_deg": -90,
              "outer_axis_body": [
                0,
                0,
                -1
              ],
              "outer_family": "z",
              "gravity_body": [
                1.0,
                -4.440892098500626e-16,
                1.1102230246251565e-16
              ],
              "face_name": "+X",
              "C": [
                [
                  1.1102230246251565e-16,
                  0.0,
                  -1.0
                ],
                [
                  4.440892098500626e-16,
                  1.0,
                  4.930380657631324e-32
                ],
                [
                  1.0,
                  -4.440892098500626e-16,
                  1.1102230246251565e-16
                ]
              ]
            },
            "state_after": {
              "beta_deg": 0,
              "outer_axis_body": [
                1,
                0,
                0
              ],
              "outer_family": "x",
              "gravity_body": [
                0.0,
                -4.440892098500626e-16,
                1.0
              ],
              "face_name": "+Z",
              "C": [
                [
                  1.0,
                  0.0,
                  0.0
                ],
                [
                  0.0,
                  1.0,
                  4.440892098500626e-16
                ],
                [
                  0.0,
                  -4.440892098500626e-16,
                  1.0
                ]
              ]
            },
            "face_after": [
              0,
              1,
              0
            ]
          }
        }
      ],
      "run_json": "/root/.openclaw/workspace/psins_method_bench/results/M_markov_42state_gm1_ch3closedloop_entryx_l8_xpair_pos2_plus_l11_y10x0back2_shared_noise0p08_param_errors.json",
      "status": "reused_verified",
      "delta_vs_relay_winner": {
        "mean_pct_error": {
          "reference": 10.041697666363424,
          "candidate": 11.060072902056207,
          "improvement_pct_points": -1.0183752356927833
        },
        "median_pct_error": {
          "reference": 0.7430359628701022,
          "candidate": 1.336105945376016,
          "improvement_pct_points": -0.5930699825059138
        },
        "max_pct_error": {
          "reference": 99.75993465087369,
          "candidate": 99.54425163042082,
          "improvement_pct_points": 0.2156830204528717
        }
      },
      "delta_vs_unified_winner": {
        "mean_pct_error": {
          "reference": 9.922637196934726,
          "candidate": 11.060072902056207,
          "improvement_pct_points": -1.1374357051214812
        },
        "median_pct_error": {
          "reference": 1.0256631258803282,
          "candidate": 1.336105945376016,
          "improvement_pct_points": -0.31044281949568786
        },
        "max_pct_error": {
          "reference": 99.63308567370115,
          "candidate": 99.54425163042082,
          "improvement_pct_points": 0.08883404328032896
        }
      },
      "delta_vs_old_best": {
        "mean_pct_error": {
          "reference": 11.014162810085333,
          "candidate": 11.060072902056207,
          "improvement_pct_points": -0.04591009197087459
        },
        "median_pct_error": {
          "reference": 1.0603379306680452,
          "candidate": 1.336105945376016,
          "improvement_pct_points": -0.27576801470797085
        },
        "max_pct_error": {
          "reference": 99.92214937787182,
          "candidate": 99.54425163042082,
          "improvement_pct_points": 0.37789774745100146
        }
      },
      "delta_vs_default18": {
        "mean_pct_error": {
          "reference": 1.5563790869355025,
          "candidate": 11.060072902056207,
          "improvement_pct_points": -9.503693815120705
        },
        "median_pct_error": {
          "reference": 0.812799823665583,
          "candidate": 1.336105945376016,
          "improvement_pct_points": -0.523306121710433
        },
        "max_pct_error": {
          "reference": 14.713291940947315,
          "candidate": 99.54425163042082,
          "improvement_pct_points": -84.8309596894735
        }
      }
    },
    {
      "candidate_name": "entryy_l8_ypair_neg2_plus_l11_y8x0",
      "family": "entry_y_gateway",
      "hypothesis": "If the anchor8 y gateway is a real family, a slightly stronger version should improve dKg_zz / max more coherently than the minimal version.",
      "rationale": "Strengthen only the anchor8 y gateway while keeping the same anchor11 low-max core, to test whether this is a usable fresh family rather than a one-off perturbation.",
      "total_time_s": 1290.0,
      "metrics": {
        "overall": {
          "mean_pct_error": 10.879011686956451,
          "median_pct_error": 1.9345940766669871,
          "max_pct_error": 99.60338227817316
        },
        "key_param_errors": {
          "dKa_yy": 90.15362481814425,
          "dKg_zz": 38.24882278905461,
          "Ka2_y": 99.60338227817316,
          "Ka2_z": 1.9298162597025565,
          "dKg_xz": 0.2978870213870314,
          "dKa_xz": 0.6249734970500231
        }
      },
      "continuity_checks": [
        {
          "anchor_id": 8,
          "closure_rule": "exact_same_mechanism_state_before_resume",
          "state_before_insertion": {
            "beta_deg": 0,
            "outer_axis_body": [
              1,
              0,
              0
            ],
            "outer_family": "x",
            "gravity_body": [
              -2.220446049250313e-16,
              -2.220446049250313e-16,
              -1.0
            ],
            "face_name": "-Z",
            "C": [
              [
                1.0,
                -7.395570986446986e-32,
                -2.220446049250313e-16
              ],
              [
                -2.465190328815662e-32,
                -1.0,
                2.220446049250313e-16
              ],
              [
                -2.220446049250313e-16,
                -2.220446049250313e-16,
                -1.0
              ]
            ]
          },
          "state_after_insertion": {
            "beta_deg": 0,
            "outer_axis_body": [
